 Iter      Position             C_O2          Flux_O2             C_Na             C_Cl              Phi          Flux_OH          Flux_Cl          Flux_Na          Flux_O2
    #            η            mol/L            mol/L            mol/L            mol/L            Volts            mol/L                                                                    
    0       0.00000   2.00000000E-04   0.00000000E+00
    0       0.10000   2.00000000E-04   0.00000000E+00
    0       0.20000   2.00000000E-04   0.00000000E+00
    0       0.30000   2.00000000E-04   0.00000000E+00
    0       0.40000   2.00000000E-04   0.00000000E+00
    0       0.50000   2.00000000E-04   0.00000000E+00
    0       0.60000   2.00000000E-04   0.00000000E+00
    0       0.70000   2.00000000E-04   0.00000000E+00
    0       0.80000   2.00000000E-04   0.00000000E+00
    0       0.90000   2.00000000E-04   0.00000000E+00
    0       1.00000   2.00000000E-04   0.00000000E+00
    0       1.10000   2.00000000E-04   0.00000000E+00
    0       1.20000   2.00000000E-04   0.00000000E+00
    0       1.30000   2.00000000E-04   0.00000000E+00
    0       1.40000   2.00000000E-04   0.00000000E+00
    0       1.50000   2.00000000E-04   0.00000000E+00
    0       1.60000   2.00000000E-04   0.00000000E+00
    0       1.70000   2.00000000E-04   0.00000000E+00
    0       1.80000   2.00000000E-04   0.00000000E+00
    0       1.90000   2.00000000E-04   0.00000000E+00
    0       2.00000   2.00000000E-04   0.00000000E+00
    0       2.10000   2.00000000E-04   0.00000000E+00
    0       2.20000   2.00000000E-04   0.00000000E+00
    0       2.30000   2.00000000E-04   0.00000000E+00
    0       2.40000   2.00000000E-04   0.00000000E+00
    0       2.50000   2.00000000E-04   0.00000000E+00
    0       2.60000   2.00000000E-04   0.00000000E+00
    0       2.70000   2.00000000E-04   0.00000000E+00
    0       2.80000   2.00000000E-04   0.00000000E+00
    0       2.90000   2.00000000E-04   0.00000000E+00
    0       3.00000   2.00000000E-04   0.00000000E+00
    0       3.10000   2.00000000E-04   0.00000000E+00
    0       3.20000   2.00000000E-04   0.00000000E+00
    0       3.30000   2.00000000E-04   0.00000000E+00
    0       3.40000   2.00000000E-04   0.00000000E+00
    0       3.50000   2.00000000E-04   0.00000000E+00
    0       3.60000   2.00000000E-04   0.00000000E+00
    0       3.70000   2.00000000E-04   0.00000000E+00
    0       3.80000   2.00000000E-04   0.00000000E+00
    0       3.90000   2.00000000E-04   0.00000000E+00
    0       4.00000   2.00000000E-04   0.00000000E+00
    0       4.10000   2.00000000E-04   0.00000000E+00
    0       4.20000   2.00000000E-04   0.00000000E+00
    0       4.30000   2.00000000E-04   0.00000000E+00
    0       4.40000   2.00000000E-04   0.00000000E+00
    0       4.50000   2.00000000E-04   0.00000000E+00
    0       4.60000   2.00000000E-04   0.00000000E+00
    0       4.70000   2.00000000E-04   0.00000000E+00
    0       4.80000   2.00000000E-04   0.00000000E+00
    0       4.90000   2.00000000E-04   0.00000000E+00
    0       5.00000   2.00000000E-04   0.00000000E+00
    0       5.10000   2.00000000E-04   0.00000000E+00
    0       5.20000   2.00000000E-04   0.00000000E+00
    0       5.30000   2.00000000E-04   0.00000000E+00
    0       5.40000   2.00000000E-04   0.00000000E+00
    0       5.50000   2.00000000E-04   0.00000000E+00
    0       5.60000   2.00000000E-04   0.00000000E+00
    0       5.70000   2.00000000E-04   0.00000000E+00
    0       5.80000   2.00000000E-04   0.00000000E+00
    0       5.90000   2.00000000E-04   0.00000000E+00
    0       6.00000   2.00000000E-04   0.00000000E+00
    0       6.10000   2.00000000E-04   0.00000000E+00
    0       6.20000   2.00000000E-04   0.00000000E+00
    0       6.30000   2.00000000E-04   0.00000000E+00
    0       6.40000   2.00000000E-04   0.00000000E+00
    0       6.50000   2.00000000E-04   0.00000000E+00
    0       6.60000   2.00000000E-04   0.00000000E+00
    0       6.70000   2.00000000E-04   0.00000000E+00
    0       6.80000   2.00000000E-04   0.00000000E+00
    0       6.90000   2.00000000E-04   0.00000000E+00
    0       7.00000   2.00000000E-04   0.00000000E+00
    0       7.10000   2.00000000E-04   0.00000000E+00
    0       7.20000   2.00000000E-04   0.00000000E+00
    0       7.30000   2.00000000E-04   0.00000000E+00
    0       7.40000   2.00000000E-04   0.00000000E+00
    0       7.50000   2.00000000E-04   0.00000000E+00
    0       7.60000   2.00000000E-04   0.00000000E+00
    0       7.70000   2.00000000E-04   0.00000000E+00
    0       7.80000   2.00000000E-04   0.00000000E+00
    0       7.90000   2.00000000E-04   0.00000000E+00
    0       8.00000   2.00000000E-04   0.00000000E+00
    0       8.10000   2.00000000E-04   0.00000000E+00
    0       8.20000   2.00000000E-04   0.00000000E+00
    0       8.30000   2.00000000E-04   0.00000000E+00
    0       8.40000   2.00000000E-04   0.00000000E+00
    0       8.50000   2.00000000E-04   0.00000000E+00
    0       8.60000   2.00000000E-04   0.00000000E+00
    0       8.70000   2.00000000E-04   0.00000000E+00
    0       8.80000   2.00000000E-04   0.00000000E+00
    0       8.90000   2.00000000E-04   0.00000000E+00
    0       9.00000   2.00000000E-04   0.00000000E+00
    0       9.10000   2.00000000E-04   0.00000000E+00
    0       9.20000   2.00000000E-04   0.00000000E+00
    0       9.30000   2.00000000E-04   0.00000000E+00
    0       9.40000   2.00000000E-04   0.00000000E+00
    0       9.50000   2.00000000E-04   0.00000000E+00
    0       9.60000   2.00000000E-04   0.00000000E+00
    0       9.70000   2.00000000E-04   0.00000000E+00
    0       9.80000   2.00000000E-04   0.00000000E+00
    0       9.90000   2.00000000E-04   0.00000000E+00
    0      10.00000   2.00000000E-04   0.00000000E+00
    1       0.00000  -2.35051643E-20  -4.07767628E-06
    1       0.10000   2.25173704E-05  -4.03669142E-06
    1       0.20000   4.48072748E-05  -3.91620862E-06
    1       0.30000   6.59872861E-05  -3.72339473E-06
    1       0.40000   8.61369563E-05  -3.46940125E-06
    1       0.50000   1.04497640E-04  -3.16829053E-06
    1       0.60000   1.21304981E-04  -2.83574315E-06
    1       0.70000   1.35974389E-04  -2.48771218E-06
    1       0.80000   1.48918586E-04  -2.13918374E-06
    1       0.90000   1.59719328E-04  -1.80317338E-06
    1       1.00000   1.68933811E-04  -1.49004132E-06
    1       1.10000   1.76258787E-04  -1.20715685E-06
    1       1.20000   1.82333252E-04  -9.58892308E-07
    1       1.30000   1.86902492E-04  -7.46888543E-07
    1       1.40000   1.90623715E-04  -5.70510266E-07
    1       1.50000   1.93235156E-04  -4.27402793E-07
    1       1.60000   1.95367886E-04  -3.14068590E-07
    1       1.70000   1.96721317E-04  -2.26398896E-07
    1       1.80000   1.97880914E-04  -1.60117341E-07
    1       1.90000   1.98498620E-04  -1.11114410E-07
    1       2.00000   1.99114283E-04  -7.56703891E-08
    1       2.10000   1.99338561E-04  -5.05780991E-08
    1       2.20000   1.99675700E-04  -3.31847858E-08
    1       2.30000   1.99706912E-04  -2.13754876E-08
    1       2.40000   1.99912968E-04  -1.35193372E-08
    1       2.50000   1.99856977E-04  -8.39692383E-09
    1       2.60000   2.00006174E-04  -5.12241341E-09
    1       2.70000   1.99913835E-04  -3.06961388E-09
    1       2.80000   2.00040247E-04  -1.80723042E-09
    1       2.90000   1.99933896E-04  -1.04551582E-09
    1       3.00000   2.00051852E-04  -5.94432071E-10
    1       3.10000   1.99940494E-04  -3.32197330E-10
    1       3.20000   2.00055539E-04  -1.82507382E-10
    1       3.30000   1.99942520E-04  -9.85878806E-11
    1       3.40000   2.00056634E-04  -5.23713799E-11
    1       3.50000   1.99943101E-04  -2.73628040E-11
    1       3.60000   2.00056938E-04  -1.40634543E-11
    1       3.70000   1.99943257E-04  -7.11142972E-12
    1       3.80000   2.00057016E-04  -3.53853834E-12
    1       3.90000   1.99943296E-04  -1.73285144E-12
    1       4.00000   2.00057036E-04  -8.35290092E-13
    1       4.10000   1.99943306E-04  -3.96387295E-13
    1       4.20000   2.00057040E-04  -1.85214929E-13
    1       4.30000   1.99943308E-04  -8.52262135E-14
    1       4.40000   2.00057041E-04  -3.86258421E-14
    1       4.50000   1.99943308E-04  -1.72447314E-14
    1       4.60000   2.00057041E-04  -7.58532567E-15
    1       4.70000   1.99943308E-04  -3.28773213E-15
    1       4.80000   2.00057041E-04  -1.40438927E-15
    1       4.90000   1.99943308E-04  -5.91304721E-16
    1       5.00000   2.00057041E-04  -2.45432016E-16
    1       5.10000   1.99943308E-04  -1.00440692E-16
    1       5.20000   2.00057041E-04  -4.05330012E-17
    1       5.30000   1.99943308E-04  -1.61320533E-17
    1       5.40000   2.00057041E-04  -6.33304950E-18
    1       5.50000   1.99943308E-04  -2.45266583E-18
    1       5.60000   2.00057041E-04  -9.37184222E-19
    1       5.70000   1.99943308E-04  -3.53371379E-19
    1       5.80000   2.00057041E-04  -1.31496571E-19
    1       5.90000   1.99943308E-04  -4.82988244E-20
    1       6.00000   2.00057041E-04  -1.75107771E-20
    1       6.10000   1.99943308E-04  -6.26765991E-21
    1       6.20000   2.00057041E-04  -2.21538992E-21
    1       6.30000   1.99943308E-04  -7.73367008E-22
    1       6.40000   2.00057041E-04  -2.66249244E-22
    1       6.50000   1.99943308E-04  -9.14252759E-23
    1       6.60000   2.00057041E-04  -3.18568310E-23
    1       6.70000   1.99943308E-04  -9.80440974E-24
    1       6.80000   2.00057041E-04  -3.59018605E-24
    1       6.90000   1.99943308E-04  -6.17229545E-25
    1       7.00000   2.00057041E-04   2.00818019E-24
    1       7.10000   1.99943308E-04  -9.21658756E-26
    1       7.20000   2.00057041E-04  -1.80912421E-24
    1       7.30000   1.99943308E-04   7.96010477E-24
    1       7.40000   2.00057041E-04  -2.81289898E-23
    1       7.50000   1.99943308E-04   9.52486075E-23
    1       7.60000   2.00057041E-04  -3.17263683E-22
    1       7.70000   1.99943308E-04   1.06232731E-21
    1       7.80000   2.00057041E-04  -3.59040320E-21
    1       7.90000   1.99943308E-04   1.22707145E-20
    1       8.00000   2.00057041E-04  -4.23660067E-20
    1       8.10000   1.99943308E-04   1.47841150E-19
    1       8.20000   2.00057041E-04  -5.21373735E-19
    1       8.30000   1.99943308E-04   1.85795417E-18
    1       8.40000   2.00057041E-04  -6.68978165E-18
    1       8.50000   1.99943308E-04   2.43356197E-17
    1       8.60000   2.00057041E-04  -8.94308912E-17
    1       8.70000   1.99943308E-04   3.31977886E-16
    1       8.80000   2.00057041E-04  -1.24471393E-15
    1       8.90000   1.99943308E-04   4.71337091E-15
    1       9.00000   2.00057041E-04  -1.80243144E-14
    1       9.10000   1.99943308E-04   6.96009027E-14
    1       9.20000   2.00057040E-04  -2.71371600E-13
    1       9.30000   1.99943312E-04   1.06824839E-12
    1       9.40000   2.00057029E-04  -4.24525561E-12
    1       9.50000   1.99943359E-04   1.70304095E-11
    1       9.60000   2.00056840E-04  -6.89608117E-11
    1       9.70000   1.99944124E-04   2.81839926E-10
    1       9.80000   2.00053711E-04  -1.16249973E-09
    1       9.90000   1.99957028E-04   4.83883885E-09
    1      10.00000   2.00000000E-04  -2.03243016E-08
    2       0.00000   0.00000000E+00  -4.07767628E-06
    2       0.10000   2.25173704E-05  -4.03669142E-06
    2       0.20000   4.48072748E-05  -3.91620862E-06
    2       0.30000   6.59872861E-05  -3.72339473E-06
    2       0.40000   8.61369563E-05  -3.46940125E-06
    2       0.50000   1.04497640E-04  -3.16829053E-06
    2       0.60000   1.21304981E-04  -2.83574315E-06
    2       0.70000   1.35974389E-04  -2.48771218E-06
    2       0.80000   1.48918586E-04  -2.13918374E-06
    2       0.90000   1.59719328E-04  -1.80317338E-06
    2       1.00000   1.68933811E-04  -1.49004132E-06
    2       1.10000   1.76258787E-04  -1.20715685E-06
    2       1.20000   1.82333252E-04  -9.58892308E-07
    2       1.30000   1.86902492E-04  -7.46888543E-07
    2       1.40000   1.90623715E-04  -5.70510266E-07
    2       1.50000   1.93235156E-04  -4.27402793E-07
    2       1.60000   1.95367886E-04  -3.14068590E-07
    2       1.70000   1.96721317E-04  -2.26398896E-07
    2       1.80000   1.97880914E-04  -1.60117341E-07
    2       1.90000   1.98498620E-04  -1.11114410E-07
    2       2.00000   1.99114283E-04  -7.56703891E-08
    2       2.10000   1.99338561E-04  -5.05780991E-08
    2       2.20000   1.99675700E-04  -3.31847858E-08
    2       2.30000   1.99706912E-04  -2.13754876E-08
    2       2.40000   1.99912968E-04  -1.35193372E-08
    2       2.50000   1.99856977E-04  -8.39692383E-09
    2       2.60000   2.00006174E-04  -5.12241341E-09
    2       2.70000   1.99913835E-04  -3.06961388E-09
    2       2.80000   2.00040247E-04  -1.80723042E-09
    2       2.90000   1.99933896E-04  -1.04551582E-09
    2       3.00000   2.00051852E-04  -5.94432071E-10
    2       3.10000   1.99940494E-04  -3.32197330E-10
    2       3.20000   2.00055539E-04  -1.82507382E-10
    2       3.30000   1.99942520E-04  -9.85878806E-11
    2       3.40000   2.00056634E-04  -5.23713799E-11
    2       3.50000   1.99943101E-04  -2.73628040E-11
    2       3.60000   2.00056938E-04  -1.40634543E-11
    2       3.70000   1.99943257E-04  -7.11142972E-12
    2       3.80000   2.00057016E-04  -3.53853834E-12
    2       3.90000   1.99943296E-04  -1.73285144E-12
    2       4.00000   2.00057036E-04  -8.35290092E-13
    2       4.10000   1.99943306E-04  -3.96387295E-13
    2       4.20000   2.00057040E-04  -1.85214929E-13
    2       4.30000   1.99943308E-04  -8.52262135E-14
    2       4.40000   2.00057041E-04  -3.86258421E-14
    2       4.50000   1.99943308E-04  -1.72447314E-14
    2       4.60000   2.00057041E-04  -7.58532567E-15
    2       4.70000   1.99943308E-04  -3.28773213E-15
    2       4.80000   2.00057041E-04  -1.40438927E-15
    2       4.90000   1.99943308E-04  -5.91304723E-16
    2       5.00000   2.00057041E-04  -2.45432015E-16
    2       5.10000   1.99943308E-04  -1.00440693E-16
    2       5.20000   2.00057041E-04  -4.05330005E-17
    2       5.30000   1.99943308E-04  -1.61320524E-17
    2       5.40000   2.00057041E-04  -6.33304938E-18
    2       5.50000   1.99943308E-04  -2.45266573E-18
    2       5.60000   2.00057041E-04  -9.37184785E-19
    2       5.70000   1.99943308E-04  -3.53371807E-19
    2       5.80000   2.00057041E-04  -1.31497065E-19
    2       5.90000   1.99943308E-04  -4.82986156E-20
    2       6.00000   2.00057041E-04  -1.75123325E-20
    2       6.10000   1.99943308E-04  -6.26901761E-21
    2       6.20000   2.00057041E-04  -2.21592952E-21
    2       6.30000   1.99943308E-04  -7.73512389E-22
    2       6.40000   2.00057041E-04  -2.66678305E-22
    2       6.50000   1.99943308E-04  -9.08159280E-23
    2       6.60000   2.00057041E-04  -3.05568921E-23
    2       6.70000   1.99943308E-04  -1.01457328E-23
    2       6.80000   2.00057041E-04  -3.36632827E-24
    2       6.90000   1.99943308E-04  -9.89319899E-25
    2       7.00000   2.00057041E-04  -6.35805346E-25
    2       7.10000   1.99943308E-04   7.90935071E-25
    2       7.20000   2.00057041E-04  -2.88206095E-24
    2       7.30000   1.99943308E-04   9.09127060E-24
    2       7.40000   2.00057041E-04  -2.94285711E-23
    2       7.50000   1.99943308E-04   9.61998410E-23
    2       7.60000   2.00057041E-04  -3.18028094E-22
    2       7.70000   1.99943308E-04   1.06300525E-21
    2       7.80000   2.00057041E-04  -3.59208426E-21
    2       7.90000   1.99943308E-04   1.22703081E-20
    2       8.00000   2.00057041E-04  -4.23662579E-20
    2       8.10000   1.99943308E-04   1.47842333E-19
    2       8.20000   2.00057041E-04  -5.21375418E-19
    2       8.30000   1.99943308E-04   1.85795371E-18
    2       8.40000   2.00057041E-04  -6.68978172E-18
    2       8.50000   1.99943308E-04   2.43356203E-17
    2       8.60000   2.00057041E-04  -8.94308907E-17
    2       8.70000   1.99943308E-04   3.31977884E-16
    2       8.80000   2.00057041E-04  -1.24471393E-15
    2       8.90000   1.99943308E-04   4.71337091E-15
    2       9.00000   2.00057041E-04  -1.80243144E-14
    2       9.10000   1.99943308E-04   6.96009027E-14
    2       9.20000   2.00057040E-04  -2.71371600E-13
    2       9.30000   1.99943312E-04   1.06824839E-12
    2       9.40000   2.00057029E-04  -4.24525561E-12
    2       9.50000   1.99943359E-04   1.70304095E-11
    2       9.60000   2.00056840E-04  -6.89608117E-11
    2       9.70000   1.99944124E-04   2.81839926E-10
    2       9.80000   2.00053711E-04  -1.16249973E-09
    2       9.90000   1.99957028E-04   4.83883885E-09
    2      10.00000   2.00000000E-04  -2.03243016E-08
