 Iter      Position             C_O2          Flux_O2             C_Na             C_Cl              Phi          Flux_OH          Flux_Cl          Flux_Na          Flux_O2
    #            η            mol/L            mol/L            mol/L            mol/L            Volts            mol/L                                                                    
    0       0.00000   2.00000000E-04   0.00000000E+00
    0       0.06000   2.00000000E-04   0.00000000E+00
    0       0.12000   2.00000000E-04   0.00000000E+00
    0       0.18000   2.00000000E-04   0.00000000E+00
    0       0.24000   2.00000000E-04   0.00000000E+00
    0       0.30000   2.00000000E-04   0.00000000E+00
    0       0.36000   2.00000000E-04   0.00000000E+00
    0       0.42000   2.00000000E-04   0.00000000E+00
    0       0.48000   2.00000000E-04   0.00000000E+00
    0       0.54000   2.00000000E-04   0.00000000E+00
    0       0.60000   2.00000000E-04   0.00000000E+00
    0       0.66000   2.00000000E-04   0.00000000E+00
    0       0.72000   2.00000000E-04   0.00000000E+00
    0       0.78000   2.00000000E-04   0.00000000E+00
    0       0.84000   2.00000000E-04   0.00000000E+00
    0       0.90000   2.00000000E-04   0.00000000E+00
    0       0.96000   2.00000000E-04   0.00000000E+00
    0       1.02000   2.00000000E-04   0.00000000E+00
    0       1.08000   2.00000000E-04   0.00000000E+00
    0       1.14000   2.00000000E-04   0.00000000E+00
    0       1.20000   2.00000000E-04   0.00000000E+00
    0       1.26000   2.00000000E-04   0.00000000E+00
    0       1.32000   2.00000000E-04   0.00000000E+00
    0       1.38000   2.00000000E-04   0.00000000E+00
    0       1.44000   2.00000000E-04   0.00000000E+00
    0       1.50000   2.00000000E-04   0.00000000E+00
    0       1.56000   2.00000000E-04   0.00000000E+00
    0       1.62000   2.00000000E-04   0.00000000E+00
    0       1.68000   2.00000000E-04   0.00000000E+00
    0       1.74000   2.00000000E-04   0.00000000E+00
    0       1.80000   2.00000000E-04   0.00000000E+00
    0       1.86000   2.00000000E-04   0.00000000E+00
    0       1.92000   2.00000000E-04   0.00000000E+00
    0       1.98000   2.00000000E-04   0.00000000E+00
    0       2.04000   2.00000000E-04   0.00000000E+00
    0       2.10000   2.00000000E-04   0.00000000E+00
    0       2.16000   2.00000000E-04   0.00000000E+00
    0       2.22000   2.00000000E-04   0.00000000E+00
    0       2.28000   2.00000000E-04   0.00000000E+00
    0       2.34000   2.00000000E-04   0.00000000E+00
    0       2.40000   2.00000000E-04   0.00000000E+00
    0       2.46000   2.00000000E-04   0.00000000E+00
    0       2.52000   2.00000000E-04   0.00000000E+00
    0       2.58000   2.00000000E-04   0.00000000E+00
    0       2.64000   2.00000000E-04   0.00000000E+00
    0       2.70000   2.00000000E-04   0.00000000E+00
    0       2.76000   2.00000000E-04   0.00000000E+00
    0       2.82000   2.00000000E-04   0.00000000E+00
    0       2.88000   2.00000000E-04   0.00000000E+00
    0       2.94000   2.00000000E-04   0.00000000E+00
    0       3.00000   2.00000000E-04   0.00000000E+00
    0       3.06000   2.00000000E-04   0.00000000E+00
    0       3.12000   2.00000000E-04   0.00000000E+00
    0       3.18000   2.00000000E-04   0.00000000E+00
    0       3.24000   2.00000000E-04   0.00000000E+00
    0       3.30000   2.00000000E-04   0.00000000E+00
    0       3.36000   2.00000000E-04   0.00000000E+00
    0       3.42000   2.00000000E-04   0.00000000E+00
    0       3.48000   2.00000000E-04   0.00000000E+00
    0       3.54000   2.00000000E-04   0.00000000E+00
    0       3.60000   2.00000000E-04   0.00000000E+00
    0       3.66000   2.00000000E-04   0.00000000E+00
    0       3.72000   2.00000000E-04   0.00000000E+00
    0       3.78000   2.00000000E-04   0.00000000E+00
    0       3.84000   2.00000000E-04   0.00000000E+00
    0       3.90000   2.00000000E-04   0.00000000E+00
    0       3.96000   2.00000000E-04   0.00000000E+00
    0       4.02000   2.00000000E-04   0.00000000E+00
    0       4.08000   2.00000000E-04   0.00000000E+00
    0       4.14000   2.00000000E-04   0.00000000E+00
    0       4.20000   2.00000000E-04   0.00000000E+00
    0       4.26000   2.00000000E-04   0.00000000E+00
    0       4.32000   2.00000000E-04   0.00000000E+00
