 Iter      Position             C_O2             C_OH             C_Na             C_Cl              Phi          Flux_OH          Flux_Cl          Flux_Na          Flux_O2
    #            η            mol/L            mol/L            mol/L            mol/L            Volts            mol/L                                                                    
    0       0.00000   2.00000000E-04   0.00000000E+00   1.00000000E+00   1.00000000E+00   0.00000000E+00   0.00000000E+00   0.00000000E+00   0.00000000E+00   0.00000000E+00
    0       0.15000   2.00000000E-04   0.00000000E+00   1.00000000E+00   1.00000000E+00   0.00000000E+00   0.00000000E+00   0.00000000E+00   0.00000000E+00   0.00000000E+00
    0       0.30000   2.00000000E-04   0.00000000E+00   1.00000000E+00   1.00000000E+00   0.00000000E+00   0.00000000E+00   0.00000000E+00   0.00000000E+00   0.00000000E+00
    0       0.45000   2.00000000E-04   0.00000000E+00   1.00000000E+00   1.00000000E+00   0.00000000E+00   0.00000000E+00   0.00000000E+00   0.00000000E+00   0.00000000E+00
    0       0.60000   2.00000000E-04   0.00000000E+00   1.00000000E+00   1.00000000E+00   0.00000000E+00   0.00000000E+00   0.00000000E+00   0.00000000E+00   0.00000000E+00
    0       0.75000   2.00000000E-04   0.00000000E+00   1.00000000E+00   1.00000000E+00   0.00000000E+00   0.00000000E+00   0.00000000E+00   0.00000000E+00   0.00000000E+00
    0       0.90000   2.00000000E-04   0.00000000E+00   1.00000000E+00   1.00000000E+00   0.00000000E+00   0.00000000E+00   0.00000000E+00   0.00000000E+00   0.00000000E+00
    0       1.05000   2.00000000E-04   0.00000000E+00   1.00000000E+00   1.00000000E+00   0.00000000E+00   0.00000000E+00   0.00000000E+00   0.00000000E+00   0.00000000E+00
    0       1.20000   2.00000000E-04   0.00000000E+00   1.00000000E+00   1.00000000E+00   0.00000000E+00   0.00000000E+00   0.00000000E+00   0.00000000E+00   0.00000000E+00
    0       1.35000   2.00000000E-04   0.00000000E+00   1.00000000E+00   1.00000000E+00   0.00000000E+00   0.00000000E+00   0.00000000E+00   0.00000000E+00   0.00000000E+00
    0       1.50000   2.00000000E-04   0.00000000E+00   1.00000000E+00   1.00000000E+00   0.00000000E+00   0.00000000E+00   0.00000000E+00   0.00000000E+00   0.00000000E+00
    0       1.65000   2.00000000E-04   0.00000000E+00   1.00000000E+00   1.00000000E+00   0.00000000E+00   0.00000000E+00   0.00000000E+00   0.00000000E+00   0.00000000E+00
    0       1.80000   2.00000000E-04   0.00000000E+00   1.00000000E+00   1.00000000E+00   0.00000000E+00   0.00000000E+00   0.00000000E+00   0.00000000E+00   0.00000000E+00
    0       1.95000   2.00000000E-04   0.00000000E+00   1.00000000E+00   1.00000000E+00   0.00000000E+00   0.00000000E+00   0.00000000E+00   0.00000000E+00   0.00000000E+00
    0       2.10000   2.00000000E-04   0.00000000E+00   1.00000000E+00   1.00000000E+00   0.00000000E+00   0.00000000E+00   0.00000000E+00   0.00000000E+00   0.00000000E+00
    0       2.25000   2.00000000E-04   0.00000000E+00   1.00000000E+00   1.00000000E+00   0.00000000E+00   0.00000000E+00   0.00000000E+00   0.00000000E+00   0.00000000E+00
    0       2.40000   2.00000000E-04   0.00000000E+00   1.00000000E+00   1.00000000E+00   0.00000000E+00   0.00000000E+00   0.00000000E+00   0.00000000E+00   0.00000000E+00
    0       2.55000   2.00000000E-04   0.00000000E+00   1.00000000E+00   1.00000000E+00   0.00000000E+00   0.00000000E+00   0.00000000E+00   0.00000000E+00   0.00000000E+00
    0       2.70000   2.00000000E-04   0.00000000E+00   1.00000000E+00   1.00000000E+00   0.00000000E+00   0.00000000E+00   0.00000000E+00   0.00000000E+00   0.00000000E+00
    0       2.85000   2.00000000E-04   0.00000000E+00   1.00000000E+00   1.00000000E+00   0.00000000E+00   0.00000000E+00   0.00000000E+00   0.00000000E+00   0.00000000E+00
    0       3.00000   2.00000000E-04   0.00000000E+00   1.00000000E+00   1.00000000E+00   0.00000000E+00   0.00000000E+00   0.00000000E+00   0.00000000E+00   0.00000000E+00
    0       3.15000   2.00000000E-04   0.00000000E+00   1.00000000E+00   1.00000000E+00   0.00000000E+00   0.00000000E+00   0.00000000E+00   0.00000000E+00   0.00000000E+00
    0       3.30000   2.00000000E-04   0.00000000E+00   1.00000000E+00   1.00000000E+00   0.00000000E+00   0.00000000E+00   0.00000000E+00   0.00000000E+00   0.00000000E+00
    0       3.45000   2.00000000E-04   0.00000000E+00   1.00000000E+00   1.00000000E+00   0.00000000E+00   0.00000000E+00   0.00000000E+00   0.00000000E+00   0.00000000E+00
    0       3.60000   2.00000000E-04   0.00000000E+00   1.00000000E+00   1.00000000E+00   0.00000000E+00   0.00000000E+00   0.00000000E+00   0.00000000E+00   0.00000000E+00
    0       3.75000   2.00000000E-04   0.00000000E+00   1.00000000E+00   1.00000000E+00   0.00000000E+00   0.00000000E+00   0.00000000E+00   0.00000000E+00   0.00000000E+00
    0       3.90000   2.00000000E-04   0.00000000E+00   1.00000000E+00   1.00000000E+00   0.00000000E+00   0.00000000E+00   0.00000000E+00   0.00000000E+00   0.00000000E+00
    0       4.05000   2.00000000E-04   0.00000000E+00   1.00000000E+00   1.00000000E+00   0.00000000E+00   0.00000000E+00   0.00000000E+00   0.00000000E+00   0.00000000E+00
    0       4.20000   2.00000000E-04   0.00000000E+00   1.00000000E+00   1.00000000E+00   0.00000000E+00   0.00000000E+00   0.00000000E+00   0.00000000E+00   0.00000000E+00
    0       4.35000   2.00000000E-04   0.00000000E+00   1.00000000E+00   1.00000000E+00   0.00000000E+00   0.00000000E+00   0.00000000E+00   0.00000000E+00   0.00000000E+00
    0       4.50000   2.00000000E-04   0.00000000E+00   1.00000000E+00   1.00000000E+00   0.00000000E+00   0.00000000E+00   0.00000000E+00   0.00000000E+00   0.00000000E+00
    0       4.65000   2.00000000E-04   0.00000000E+00   1.00000000E+00   1.00000000E+00   0.00000000E+00   0.00000000E+00   0.00000000E+00   0.00000000E+00   0.00000000E+00
    0       4.80000   2.00000000E-04   0.00000000E+00   1.00000000E+00   1.00000000E+00   0.00000000E+00   0.00000000E+00   0.00000000E+00   0.00000000E+00   0.00000000E+00
    0       4.95000   2.00000000E-04   0.00000000E+00   1.00000000E+00   1.00000000E+00   0.00000000E+00   0.00000000E+00   0.00000000E+00   0.00000000E+00   0.00000000E+00
    0       5.10000   2.00000000E-04   0.00000000E+00   1.00000000E+00   1.00000000E+00   0.00000000E+00   0.00000000E+00   0.00000000E+00   0.00000000E+00   0.00000000E+00
    0       5.25000   2.00000000E-04   0.00000000E+00   1.00000000E+00   1.00000000E+00   0.00000000E+00   0.00000000E+00   0.00000000E+00   0.00000000E+00   0.00000000E+00
    0       5.40000   2.00000000E-04   0.00000000E+00   1.00000000E+00   1.00000000E+00   0.00000000E+00   0.00000000E+00   0.00000000E+00   0.00000000E+00   0.00000000E+00
    0       5.55000   2.00000000E-04   0.00000000E+00   1.00000000E+00   1.00000000E+00   0.00000000E+00   0.00000000E+00   0.00000000E+00   0.00000000E+00   0.00000000E+00
    0       5.70000   2.00000000E-04   0.00000000E+00   1.00000000E+00   1.00000000E+00   0.00000000E+00   0.00000000E+00   0.00000000E+00   0.00000000E+00   0.00000000E+00
    0       5.85000   2.00000000E-04   0.00000000E+00   1.00000000E+00   1.00000000E+00   0.00000000E+00   0.00000000E+00   0.00000000E+00   0.00000000E+00   0.00000000E+00
    0       6.00000   2.00000000E-04   0.00000000E+00   1.00000000E+00   1.00000000E+00   0.00000000E+00   0.00000000E+00   0.00000000E+00   0.00000000E+00   0.00000000E+00
    1       0.00000   1.80000000E-04   4.99044925E-05   1.00002156E+00   9.99971651E-01  -7.07819493E-06   1.65761478E-06   0.00000000E+00   0.00000000E+00  -4.14403694E-07
    1       0.15000   1.83375630E-04   4.47016137E-05   1.00001897E+00   9.99974267E-01  -7.00954804E-06   1.62972967E-06   1.40955631E-08  -1.37895453E-08  -3.96558559E-07
    1       0.30000   1.86602700E-04   3.95870024E-05   1.00001645E+00   9.99976867E-01  -6.93834177E-06   1.58860565E-06   3.51005924E-08  -3.39085356E-08  -3.70943532E-07
    1       0.45000   1.89551840E-04   3.46444714E-05   1.00001408E+00   9.99979431E-01  -6.86216985E-06   1.52235240E-06   6.96038936E-08  -6.56584821E-08  -3.31851123E-07
    1       0.60000   1.92128021E-04   2.99492961E-05   1.00001188E+00   9.99981935E-01  -6.77891332E-06   1.43420148E-06   1.16718227E-07  -1.06695069E-07  -2.83900158E-07
    1       0.75000   1.94278778E-04   2.55648309E-05   1.00000991E+00   9.99984346E-01  -6.68684125E-06   1.32830329E-06   1.75018278E-07  -1.54293213E-07  -2.32223949E-07
    1       0.90000   1.95994550E-04   2.15400757E-05   1.00000817E+00   9.99986631E-01  -6.58467060E-06   1.20940453E-06   2.42497154E-07  -2.05713094E-07  -1.81584806E-07
    1       1.05000   1.97302165E-04   1.79083345E-05   1.00000666E+00   9.99988755E-01  -6.47158500E-06   1.08249840E-06   3.16633325E-07  -2.58483048E-07  -1.35698365E-07
    1       1.20000   1.98253928E-04   1.46869964E-05   1.00000538E+00   9.99990689E-01  -6.34721825E-06   9.52483025E-07   3.94569741E-07  -3.10562010E-07  -9.68863325E-08
    1       1.35000   1.98915322E-04   1.18783565E-05   1.00000429E+00   9.99992413E-01  -6.21161114E-06   8.23859987E-07   4.73367037E-07  -3.60387752E-07  -6.60680188E-08
    1       1.50000   1.99353960E-04   9.47130489E-06   1.00000339E+00   9.99993917E-01  -6.06515072E-06   7.00497414E-07   5.50271501E-07  -4.06845861E-07  -4.30116286E-08
    1       1.65000   1.99631466E-04   7.44364849E-06   1.00000264E+00   9.99995200E-01  -5.90849994E-06   5.85472209E-07   6.22940847E-07  -4.49201721E-07  -2.67206510E-08
    1       1.80000   1.99798859E-04   5.76479832E-06   1.00000204E+00   9.99996272E-01  -5.74252403E-06   4.80995703E-07   6.89590805E-07  -4.87028268E-07  -1.58325117E-08
    1       1.95000   1.99895077E-04   4.39856163E-06   1.00000155E+00   9.99997151E-01  -5.56821849E-06   3.88417402E-07   7.49051548E-07  -5.20145826E-07  -8.94215363E-09
    1       2.10000   1.99947746E-04   3.30580602E-06   1.00000116E+00   9.99997856E-01  -5.38664257E-06   3.08293948E-07   8.00744758E-07  -5.48576070E-07  -4.81108266E-09
    1       2.25000   1.99975182E-04   2.44681477E-06   1.00000086E+00   9.99998412E-01  -5.19886127E-06   2.40505641E-07   8.44604404E-07  -5.72504731E-07  -2.46399373E-09
    1       2.40000   1.99988771E-04   1.78321327E-06   1.00000063E+00   9.99998842E-01  -5.00589795E-06   1.84401064E-07   8.80966949E-07  -5.92246763E-07  -1.20029107E-09
    1       2.55000   1.99995167E-04   1.27940879E-06   1.00000045E+00   9.99999169E-01  -4.80869879E-06   1.38951176E-07   9.10452986E-07  -6.08210614E-07  -5.55650113E-10
    1       2.70000   1.99998023E-04   9.03541383E-07   1.00000032E+00   9.99999413E-01  -4.60810932E-06   1.02897123E-07   9.33855934E-07  -6.20861720E-07  -2.44209214E-10
    1       2.85000   1.99999233E-04   6.27987845E-07   1.00000022E+00   9.99999592E-01  -4.40486196E-06   7.48801628E-08   9.52046981E-07  -6.30687632E-07  -1.01789480E-10
    1       3.00000   1.99999718E-04   4.29490162E-07   1.00000015E+00   9.99999721E-01  -4.19957309E-06   5.35466099E-08   9.65900453E-07  -6.38167714E-07  -4.01892945E-11
    1       3.15000   1.99999902E-04   2.88995049E-07   1.00000010E+00   9.99999812E-01  -3.99274757E-06   3.76250152E-08   9.76240179E-07  -6.43749582E-07  -1.50112815E-11
    1       3.30000   1.99999968E-04   1.91293773E-07   1.00000007E+00   9.99999876E-01  -3.78478834E-06   2.59763105E-08   9.83805231E-07  -6.47833235E-07  -5.29662273E-12
    1       3.45000   1.99999990E-04   1.24544262E-07   1.00000004E+00   9.99999919E-01  -3.57600912E-06   1.76201502E-08   9.89232056E-07  -6.50762570E-07  -1.76263228E-12
    1       3.60000   1.99999997E-04   7.97441530E-08   1.00000003E+00   9.99999948E-01  -3.36664841E-06   1.17421348E-08   9.93049490E-07  -6.52823151E-07  -5.52253294E-13
    1       3.75000   1.99999999E-04   5.02071727E-08   1.00000002E+00   9.99999967E-01  -3.15688334E-06   7.68709844E-09   9.95683008E-07  -6.54244670E-07  -1.62583370E-13
    1       3.90000   2.00000000E-04   3.10786819E-08   1.00000001E+00   9.99999980E-01  -2.94684254E-06   4.94341401E-09   9.97464878E-07  -6.55206484E-07  -4.48771131E-14
    1       4.05000   2.00000000E-04   1.89114148E-08   1.00000001E+00   9.99999988E-01  -2.73661731E-06   3.12255804E-09   9.98647422E-07  -6.55844796E-07  -1.15856933E-14
    1       4.20000   2.00000000E-04   1.13103962E-08   1.00000000E+00   9.99999993E-01  -2.52627112E-06   1.93723117E-09   9.99417226E-07  -6.56260319E-07  -2.78980651E-15
    1       4.35000   2.00000000E-04   6.64719466E-09   1.00000000E+00   9.99999996E-01  -2.31584709E-06   1.18033887E-09   9.99908785E-07  -6.56525652E-07  -6.24646541E-16
    1       4.50000   2.00000000E-04   3.83790871E-09   1.00000000E+00   9.99999998E-01  -2.10537395E-06   7.06239068E-10   1.00021669E-06  -6.56691851E-07  -1.29590850E-16
    1       4.65000   2.00000000E-04   2.17613744E-09   1.00000000E+00   9.99999999E-01  -1.89487042E-06   4.14935350E-10   1.00040587E-06  -6.56793969E-07  -2.48112083E-17
    1       4.80000   2.00000000E-04   1.21103663E-09   1.00000000E+00   9.99999999E-01  -1.68434842E-06   2.39361960E-10   1.00051990E-06  -6.56855517E-07  -4.36359913E-18
    1       4.95000   2.00000000E-04   6.60785114E-10   1.00000000E+00   1.00000000E+00  -1.47381543E-06   1.35561555E-10   1.00058731E-06  -6.56891905E-07  -7.01180923E-19
    1       5.10000   2.00000000E-04   3.52823742E-10   1.00000000E+00   1.00000000E+00  -1.26327603E-06   7.53674328E-11   1.00062640E-06  -6.56913007E-07  -1.02296933E-19
    1       5.25000   2.00000000E-04   1.83649086E-10   1.00000000E+00   1.00000000E+00  -1.05273295E-06   4.11295573E-11   1.00064864E-06  -6.56925009E-07  -1.34488276E-20
    1       5.40000   2.00000000E-04   9.24408035E-11   1.00000000E+00   1.00000000E+00  -8.42187803E-07   2.20294213E-11   1.00066104E-06  -6.56931705E-07  -1.57893694E-21
    1       5.55000   2.00000000E-04   4.41852588E-11   1.00000000E+00   1.00000000E+00  -6.31641518E-07   1.15793637E-11   1.00066783E-06  -6.56935368E-07  -1.63709697E-22
    1       5.70000   2.00000000E-04   1.91341854E-11   1.00000000E+00   1.00000000E+00  -4.21094619E-07   5.97242647E-12   1.00067147E-06  -6.56937333E-07  -1.47824120E-23
    1       5.85000   2.00000000E-04   6.37503041E-12   1.00000000E+00   1.00000000E+00  -2.10547394E-07   3.02239686E-12   1.00067339E-06  -6.56938368E-07  -1.14165099E-24
    1       6.00000   2.00000000E-04   0.00000000E+00   1.00000000E+00   1.00000000E+00   0.00000000E+00   1.58024744E-12   1.00067432E-06  -6.56938873E-07   2.37093354E-24
    2       0.00000   1.62000000E-04   9.48174511E-05   1.00004096E+00   9.99946139E-01  -1.34485220E-05   3.14946808E-06   0.00000000E+00   0.00000000E+00  -7.87367019E-07
    2       0.15000   1.68413698E-04   8.49322191E-05   1.00003604E+00   9.99951108E-01  -1.33180956E-05   3.09648783E-06   2.67803051E-08  -2.62001445E-08  -7.53461262E-07
    2       0.30000   1.74545130E-04   7.52146732E-05   1.00003126E+00   9.99956047E-01  -1.31828062E-05   3.01835395E-06   6.66881705E-08  -6.44261831E-08  -7.04792712E-07
    2       0.45000   1.80148496E-04   6.58240601E-05   1.00002674E+00   9.99960920E-01  -1.30380820E-05   2.89247542E-06   1.32241951E-07  -1.24750948E-07  -6.30517133E-07
    2       0.60000   1.85043240E-04   5.69034029E-05   1.00002258E+00   9.99965676E-01  -1.28798971E-05   2.72499197E-06   2.21756175E-07  -2.02720177E-07  -5.39410300E-07
    2       0.75000   1.89129678E-04   4.85730736E-05   1.00001883E+00   9.99970258E-01  -1.27049628E-05   2.52378911E-06   3.32523035E-07  -2.93156169E-07  -4.41225504E-07
    2       0.90000   1.92389645E-04   4.09261700E-05   1.00001553E+00   9.99974599E-01  -1.25108414E-05   2.29788530E-06   4.60729738E-07  -3.90853253E-07  -3.45011132E-07
    2       1.05000   1.94874113E-04   3.40259679E-05   1.00001266E+00   9.99978635E-01  -1.22959816E-05   2.05676732E-06   6.01585651E-07  -4.91115305E-07  -2.57826893E-07
    2       1.20000   1.96682463E-04   2.79055053E-05   1.00001022E+00   9.99982310E-01  -1.20596877E-05   1.80974127E-06   7.49662609E-07  -5.90064374E-07  -1.84084032E-07
    2       1.35000   1.97939112E-04   2.25691432E-05   1.00000815E+00   9.99985585E-01  -1.18020373E-05   1.56535993E-06   8.99375978E-07  -6.84732327E-07  -1.25529236E-07
    2       1.50000   1.98772524E-04   1.79957749E-05   1.00000644E+00   9.99988441E-01  -1.15237655E-05   1.33097257E-06   1.04549378E-06  -7.73001887E-07  -8.17220943E-08
    2       1.65000   1.99299785E-04   1.41432365E-05   1.00000502E+00   9.99990879E-01  -1.12261321E-05   1.11242520E-06   1.18356566E-06  -8.53477377E-07  -5.07692370E-08
    2       1.80000   1.99617832E-04   1.09534128E-05   1.00000387E+00   9.99992917E-01  -1.09107807E-05   9.13919379E-07   1.31020143E-06  -9.25347437E-07  -3.00817723E-08
    2       1.95000   1.99800647E-04   8.35754221E-06   1.00000294E+00   9.99994586E-01  -1.05796028E-05   7.38019272E-07   1.42317829E-06  -9.88270703E-07  -1.69900919E-08
    2       2.10000   1.99900717E-04   6.28127739E-06   1.00000221E+00   9.99995926E-01  -1.02346110E-05   5.85782670E-07   1.52139727E-06  -1.04228835E-06  -9.14105705E-09
    2       2.25000   1.99952845E-04   4.64916053E-06   1.00000163E+00   9.99996983E-01  -9.87782869E-06   4.56982352E-07   1.60473275E-06  -1.08775321E-06  -4.68158809E-09
    2       2.40000   1.99978666E-04   3.38828314E-06   1.00000119E+00   9.99997800E-01  -9.51120022E-06   3.50380845E-07   1.67382384E-06  -1.12526366E-06  -2.28055302E-09
    2       2.55000   1.99990817E-04   2.43102149E-06   1.00000085E+00   9.99998421E-01  -9.13652339E-06   2.64023171E-07   1.72984954E-06  -1.15559566E-06  -1.05573522E-09
    2       2.70000   1.99996244E-04   1.71684331E-06   1.00000060E+00   9.99998885E-01  -8.75540467E-06   1.95517679E-07   1.77431724E-06  -1.17963348E-06  -4.63997506E-10
    2       2.85000   1.99998542E-04   1.19326546E-06   1.00000042E+00   9.99999225E-01  -8.36923570E-06   1.42282882E-07   1.80888211E-06  -1.19830342E-06  -1.93400011E-10
    2       3.00000   1.99999464E-04   8.16098046E-07   1.00000029E+00   9.99999470E-01  -7.97918764E-06   1.01746856E-07   1.83520535E-06  -1.21251623E-06  -7.63596596E-11
    2       3.15000   1.99999813E-04   5.49139720E-07   1.00000019E+00   9.99999643E-01  -7.58621975E-06   7.14938875E-08   1.85485221E-06  -1.22312235E-06  -2.85214348E-11
    2       3.30000   1.99999939E-04   3.63493522E-07   1.00000013E+00   9.99999764E-01  -7.19109763E-06   4.93597512E-08   1.86922692E-06  -1.23088178E-06  -1.00635832E-11
    2       3.45000   1.99999981E-04   2.36658982E-07   1.00000008E+00   9.99999846E-01  -6.79441742E-06   3.34817707E-08   1.87953878E-06  -1.23644792E-06  -3.34900132E-12
    2       3.60000   1.99999994E-04   1.51531032E-07   1.00000005E+00   9.99999902E-01  -6.39663227E-06   2.23125514E-08   1.88679259E-06  -1.24036333E-06  -1.04928126E-12
    2       3.75000   1.99999998E-04   9.54051886E-08   1.00000003E+00   9.99999938E-01  -5.99807878E-06   1.46072349E-08   1.89179678E-06  -1.24306446E-06  -3.08908403E-13
    2       3.90000   2.00000000E-04   5.90571314E-08   1.00000002E+00   9.99999962E-01  -5.59900132E-06   9.39368496E-09   1.89518271E-06  -1.24489209E-06  -8.52665149E-14
    2       4.05000   2.00000000E-04   3.59366287E-08   1.00000001E+00   9.99999977E-01  -5.19957343E-06   5.93366464E-09   1.89742981E-06  -1.24610501E-06  -2.20128172E-14
    2       4.20000   2.00000000E-04   2.14928849E-08   1.00000001E+00   9.99999986E-01  -4.79991566E-06   3.68126795E-09   1.89889262E-06  -1.24689459E-06  -5.30063237E-15
    2       4.35000   2.00000000E-04   1.26316154E-08   1.00000000E+00   9.99999992E-01  -4.40010999E-06   2.24298424E-09   1.89982671E-06  -1.24739879E-06  -1.18682843E-15
    2       4.50000   2.00000000E-04   7.29321069E-09   1.00000000E+00   9.99999995E-01  -4.00021100E-06   1.34206890E-09   1.90041181E-06  -1.24771461E-06  -2.46222614E-16
    2       4.65000   2.00000000E-04   4.13536720E-09   1.00000000E+00   9.99999997E-01  -3.60025424E-06   7.88509805E-10   1.90077132E-06  -1.24790866E-06  -4.71412958E-17
    2       4.80000   2.00000000E-04   2.30138182E-09   1.00000000E+00   9.99999999E-01  -3.20026241E-06   4.54868022E-10   1.90098800E-06  -1.24802562E-06  -8.29083836E-18
    2       4.95000   2.00000000E-04   1.25572716E-09   1.00000000E+00   9.99999999E-01  -2.80024969E-06   2.57614585E-10   1.90111611E-06  -1.24809477E-06  -1.33224375E-18
    2       5.10000   2.00000000E-04   6.70496393E-10   1.00000000E+00   1.00000000E+00  -2.40022477E-06   1.43225805E-10   1.90119040E-06  -1.24813487E-06  -1.94364174E-19
    2       5.25000   2.00000000E-04   3.49004448E-10   1.00000000E+00   1.00000000E+00  -2.00019286E-06   7.81619205E-11   1.90123265E-06  -1.24815767E-06  -2.55527725E-20
    2       5.40000   2.00000000E-04   1.75674749E-10   1.00000000E+00   1.00000000E+00  -1.60015703E-06   4.18646896E-11   1.90125622E-06  -1.24817040E-06  -2.99998019E-21
    2       5.55000   2.00000000E-04   8.39704155E-11   1.00000000E+00   1.00000000E+00  -1.20011904E-06   2.20055881E-11   1.90126912E-06  -1.24817736E-06  -3.11048424E-22
    2       5.70000   2.00000000E-04   3.63631830E-11   1.00000000E+00   1.00000000E+00  -8.00079880E-07   1.13501697E-11   1.90127604E-06  -1.24818110E-06  -2.80865828E-23
    2       5.85000   2.00000000E-04   1.21153746E-11   1.00000000E+00   1.00000000E+00  -4.00040101E-07   5.74388552E-12   1.90127968E-06  -1.24818306E-06  -2.16913688E-24
    2       6.00000   2.00000000E-04   0.00000000E+00   1.00000000E+00   1.00000000E+00   0.00000000E+00   3.00317346E-12   1.90128146E-06  -1.24818402E-06   4.50477372E-24
    3       0.00000   1.45800000E-04   1.35238235E-04   1.00005842E+00   9.99923178E-01  -1.91817773E-05   4.49213604E-06   0.00000000E+00   0.00000000E+00  -1.12303401E-06
    3       0.15000   1.54947958E-04   1.21139078E-04   1.00005140E+00   9.99930266E-01  -1.89957515E-05   4.41657137E-06   3.81955484E-08  -3.73696907E-08  -1.07467369E-06
    3       0.30000   1.63693317E-04   1.07279066E-04   1.00004459E+00   9.99937310E-01  -1.88027893E-05   4.30513004E-06   9.51145974E-08  -9.18920379E-08  -1.00525697E-06
    3       0.45000   1.71685487E-04   9.38853371E-05   1.00003814E+00   9.99944259E-01  -1.85963701E-05   4.12559089E-06   1.88611792E-07  -1.77934031E-07  -8.99316542E-07
    3       0.60000   1.78666937E-04   8.11618885E-05   1.00003221E+00   9.99951044E-01  -1.83707517E-05   3.88671083E-06   3.16283477E-07  -2.89142407E-07  -7.69369427E-07
    3       0.75000   1.84495488E-04   6.92804070E-05   1.00002686E+00   9.99957579E-01  -1.81212435E-05   3.59973676E-06   4.74267845E-07  -4.18132072E-07  -6.29326902E-07
    3       0.90000   1.89145230E-04   5.83736762E-05   1.00002214E+00   9.99963770E-01  -1.78443685E-05   3.27753152E-06   6.57127030E-07  -5.57478082E-07  -4.92094825E-07
    3       1.05000   1.92688867E-04   4.85319451E-05   1.00001806E+00   9.99969526E-01  -1.75379143E-05   2.93362582E-06   8.58028434E-07  -7.00482324E-07  -3.67742569E-07
    3       1.20000   1.95268144E-04   3.98023350E-05   1.00001457E+00   9.99974768E-01  -1.72008885E-05   2.58129274E-06   1.06923007E-06  -8.41613710E-07  -2.62561961E-07
    3       1.35000   1.97060523E-04   3.21910666E-05   1.00001163E+00   9.99979439E-01  -1.68334015E-05   2.23273091E-06   1.28276670E-06  -9.76638879E-07  -1.79044331E-07
    3       1.50000   1.98249232E-04   2.56680374E-05   1.00000918E+00   9.99983513E-01  -1.64365020E-05   1.89842246E-06   1.49117595E-06  -1.10253806E-06  -1.16561513E-07
    3       1.65000   1.99001273E-04   2.01731122E-05   1.00000716E+00   9.99986991E-01  -1.60119865E-05   1.58670557E-06   1.68811021E-06  -1.21732069E-06  -7.24129643E-08
    3       1.80000   1.99454908E-04   1.56234057E-05   1.00000552E+00   9.99989897E-01  -1.55621996E-05   1.30357300E-06   1.86873390E-06  -1.31982961E-06  -4.29061068E-08
    3       1.95000   1.99715659E-04   1.19208476E-05   1.00000420E+00   9.99992277E-01  -1.50898388E-05   1.05268218E-06   2.02987644E-06  -1.40957794E-06  -2.42332363E-08
    3       2.10000   1.99858391E-04   8.95940084E-06   1.00000315E+00   9.99994189E-01  -1.45977746E-05   8.35542096E-07   2.16997014E-06  -1.48662439E-06  -1.30380340E-08
    3       2.25000   1.99932743E-04   6.63144381E-06   1.00000233E+00   9.99995696E-01  -1.40888931E-05   6.51828915E-07   2.28883560E-06  -1.55147217E-06  -6.67742302E-09
    3       2.40000   1.99969571E-04   4.83299015E-06   1.00000170E+00   9.99996862E-01  -1.35659675E-05   4.99777895E-07   2.38738422E-06  -1.60497465E-06  -3.25278879E-09
    3       2.55000   1.99986901E-04   3.46759019E-06   1.00000122E+00   9.99997748E-01  -1.30315620E-05   3.76600877E-07   2.46729742E-06  -1.64823854E-06  -1.50581181E-09
    3       2.70000   1.99994642E-04   2.44890795E-06   1.00000086E+00   9.99998410E-01  -1.24879680E-05   2.78886828E-07   2.53072508E-06  -1.68252499E-06  -6.61806969E-10
    3       2.85000   1.99997921E-04   1.70208706E-06   1.00000060E+00   9.99998895E-01  -1.19371704E-05   2.02953894E-07   2.58002794E-06  -1.70915512E-06  -2.75849490E-10
    3       3.00000   1.99999235E-04   1.16409920E-06   1.00000041E+00   9.99999244E-01  -1.13808397E-05   1.45133799E-07   2.61757529E-06  -1.72942792E-06  -1.08912988E-10
    3       3.15000   1.99999734E-04   7.83309721E-07   1.00000027E+00   9.99999491E-01  -1.08203442E-05   1.01981024E-07   2.64559968E-06  -1.74455634E-06  -4.06805728E-11
    3       3.30000   1.99999913E-04   5.18501934E-07   1.00000018E+00   9.99999663E-01  -1.02567758E-05   7.04087048E-08   2.66610401E-06  -1.75562437E-06  -1.43538476E-11
    3       3.45000   1.99999973E-04   3.37582388E-07   1.00000012E+00   9.99999781E-01  -9.69098496E-06   4.77600526E-08   2.68081311E-06  -1.76356394E-06  -4.77673347E-12
    3       3.60000   1.99999992E-04   2.16153110E-07   1.00000008E+00   9.99999860E-01  -9.12361800E-06   3.18279477E-08   2.69116020E-06  -1.76914897E-06  -1.49660643E-12
    3       3.75000   1.99999998E-04   1.36092768E-07   1.00000005E+00   9.99999912E-01  -8.55515502E-06   2.08367737E-08   2.69829842E-06  -1.77300193E-06  -4.40600932E-13
    3       3.90000   1.99999999E-04   8.42439218E-08   1.00000003E+00   9.99999945E-01  -7.98594463E-06   1.33998997E-08   2.70312831E-06  -1.77560894E-06  -1.21616977E-13
    3       4.05000   2.00000000E-04   5.12633238E-08   1.00000002E+00   9.99999967E-01  -7.41623436E-06   8.46431223E-09   2.70633372E-06  -1.77733911E-06  -3.13972288E-14
    3       4.20000   2.00000000E-04   3.06596621E-08   1.00000001E+00   9.99999980E-01  -6.84619618E-06   5.25132939E-09   2.70842040E-06  -1.77846543E-06  -7.56037564E-15
    3       4.35000   2.00000000E-04   1.80191703E-08   1.00000001E+00   9.99999988E-01  -6.27594703E-06   3.19964085E-09   2.70975287E-06  -1.77918465E-06  -1.69279213E-15
    3       4.50000   2.00000000E-04   1.04039418E-08   1.00000000E+00   9.99999993E-01  -5.70556474E-06   1.91448967E-09   2.71058751E-06  -1.77963516E-06  -3.51191202E-16
    3       4.65000   2.00000000E-04   5.89924603E-09   1.00000000E+00   9.99999996E-01  -5.13510005E-06   1.12483428E-09   2.71110035E-06  -1.77991198E-06  -6.72383745E-17
    3       4.80000   2.00000000E-04   3.28302649E-09   1.00000000E+00   9.99999998E-01  -4.56458532E-06   6.48888535E-10   2.71140945E-06  -1.78007882E-06  -1.18253537E-17
    3       4.95000   2.00000000E-04   1.79136576E-09   1.00000000E+00   9.99999999E-01  -3.99404080E-06   3.67500903E-10   2.71159220E-06  -1.78017746E-06  -1.90020030E-18
    3       5.10000   2.00000000E-04   9.56508148E-10   1.00000000E+00   9.99999999E-01  -3.42347888E-06   2.04320768E-10   2.71169818E-06  -1.78023467E-06  -2.77224690E-19
    3       5.25000   2.00000000E-04   4.97881950E-10   1.00000000E+00   1.00000000E+00  -2.85290700E-06   1.11503818E-10   2.71175846E-06  -1.78026720E-06  -3.64463228E-20
    3       5.40000   2.00000000E-04   2.50615460E-10   1.00000000E+00   1.00000000E+00  -2.28232951E-06   5.97235524E-11   2.71179208E-06  -1.78028535E-06  -4.27891912E-21
    3       5.55000   2.00000000E-04   1.19791984E-10   1.00000000E+00   1.00000000E+00  -1.71174894E-06   3.13930768E-11   2.71181048E-06  -1.78029529E-06  -4.43653278E-22
    3       5.70000   2.00000000E-04   5.18759498E-11   1.00000000E+00   1.00000000E+00  -1.14116670E-06   1.61922125E-11   2.71182036E-06  -1.78030061E-06  -4.00603365E-23
    3       5.85000   2.00000000E-04   1.72839667E-11   1.00000000E+00   1.00000000E+00  -5.70583579E-07   8.19430417E-12   2.71182555E-06  -1.78030342E-06  -3.09387419E-24
    3       6.00000   2.00000000E-04   0.00000000E+00   1.00000000E+00   1.00000000E+00   0.00000000E+00   4.28437676E-12   2.71182809E-06  -1.78030479E-06   6.42522989E-24
    4       0.00000   1.31220000E-04   1.71616230E-04   1.00007413E+00   9.99902514E-01  -2.43416753E-05   5.70053722E-06   0.00000000E+00   0.00000000E+00  -1.42513430E-06
    4       0.15000   1.42828793E-04   1.53724695E-04   1.00006523E+00   9.99911508E-01  -2.41056118E-05   5.60464751E-06   4.84684378E-08  -4.74222879E-08  -1.36376488E-06
    4       0.30000   1.53926685E-04   1.36136605E-04   1.00005658E+00   9.99920447E-01  -2.38607457E-05   5.46323063E-06   1.20696443E-07  -1.16611284E-07  -1.27567481E-06
    4       0.45000   1.64068778E-04   1.19140201E-04   1.00004841E+00   9.99929266E-01  -2.35988026E-05   5.23539865E-06   2.39341076E-07  -2.25798695E-07  -1.14123601E-06
    4       0.60000   1.72928265E-04   1.02994355E-04   1.00004087E+00   9.99937875E-01  -2.33124957E-05   4.93226381E-06   4.01352501E-07  -3.66922117E-07  -9.76332642E-07
    4       0.75000   1.80324717E-04   8.79169380E-05   1.00003408E+00   9.99946167E-01  -2.29958727E-05   4.56809810E-06   6.01830503E-07  -5.30609771E-07  -7.98618161E-07
    4       0.90000   1.86225257E-04   7.40764489E-05   1.00002810E+00   9.99954024E-01  -2.26445214E-05   4.15922407E-06   8.33874848E-07  -7.07439362E-07  -6.24470148E-07
    4       1.05000   1.90722145E-04   6.15874113E-05   1.00002292E+00   9.99961328E-01  -2.22556341E-05   3.72281182E-06   1.08881535E-06  -8.88911009E-07  -4.66666677E-07
    4       1.20000   1.93995257E-04   5.05096208E-05   1.00001849E+00   9.99967980E-01  -2.18279515E-05   3.27570450E-06   1.35682774E-06  -1.06800585E-06  -3.33192098E-07
    4       1.35000   1.96269793E-04   4.08509720E-05   1.00001476E+00   9.99973908E-01  -2.13616136E-05   2.83338182E-06   1.62780431E-06  -1.23935189E-06  -2.27207917E-07
    4       1.50000   1.97778269E-04   3.25732675E-05   1.00001165E+00   9.99979078E-01  -2.08579512E-05   2.40914540E-06   1.89227542E-06  -1.39911717E-06  -1.47916991E-07
    4       1.65000   1.98732611E-04   2.56002000E-05   1.00000909E+00   9.99983491E-01  -2.03192438E-05   2.01357628E-06   2.14218591E-06  -1.54477581E-06  -9.18923189E-08
    4       1.80000   1.99308276E-04   1.98265935E-05   1.00000701E+00   9.99987179E-01  -1.97484667E-05   1.65427933E-06   2.37139929E-06  -1.67485944E-06  -5.44480078E-08
    4       1.95000   1.99639171E-04   1.51280029E-05   1.00000533E+00   9.99990200E-01  -1.91490430E-05   1.33589600E-06   2.57589188E-06  -1.78875027E-06  -3.07520663E-08
    4       2.10000   1.99820298E-04   1.13698733E-05   1.00000400E+00   9.99992626E-01  -1.85246154E-05   1.06034144E-06   2.75367406E-06  -1.88652276E-06  -1.65453133E-08
    4       2.25000   1.99914650E-04   8.41563817E-06   1.00000295E+00   9.99994538E-01  -1.78788460E-05   8.27205017E-07   2.90451792E-06  -1.96881544E-06  -8.47367445E-09
    4       2.40000   1.99961385E-04   6.13334320E-06   1.00000215E+00   9.99996018E-01  -1.72152542E-05   6.34247591E-07   3.02957979E-06  -2.03671114E-06  -4.12780097E-09
    4       2.55000   1.99983378E-04   4.40059703E-06   1.00000154E+00   9.99997143E-01  -1.65370940E-05   4.77931271E-07   3.13099320E-06  -2.09161417E-06  -1.91088074E-09
    4       2.70000   1.99993201E-04   3.10784138E-06   1.00000109E+00   9.99997982E-01  -1.58472730E-05   3.53927689E-07   3.21148622E-06  -2.13512486E-06  -8.39835485E-10
    4       2.85000   1.99997361E-04   2.16008461E-06   1.00000076E+00   9.99998597E-01  -1.51483103E-05   2.57564742E-07   3.27405449E-06  -2.16891964E-06  -3.50054020E-10
    4       3.00000   1.99999030E-04   1.47734404E-06   1.00000052E+00   9.99999041E-01  -1.44423258E-05   1.84187493E-07   3.32170462E-06  -2.19464685E-06  -1.38210984E-10
    4       3.15000   1.99999662E-04   9.94094961E-07   1.00000035E+00   9.99999354E-01  -1.37310557E-05   1.29423619E-07   3.35726969E-06  -2.21384572E-06  -5.16237970E-11
    4       3.30000   1.99999889E-04   6.58032704E-07   1.00000023E+00   9.99999573E-01  -1.30158861E-05   8.93558877E-08   3.38329140E-06  -2.22789179E-06  -1.82150856E-11
    4       3.45000   1.99999966E-04   4.28429784E-07   1.00000015E+00   9.99999722E-01  -1.22978958E-05   6.06127935E-08   3.40195860E-06  -2.23796773E-06  -6.06169240E-12
    4       3.60000   1.99999990E-04   2.74324229E-07   1.00000010E+00   9.99999822E-01  -1.15779053E-05   4.03934419E-08   3.41509011E-06  -2.24505561E-06  -1.89919908E-12
    4       3.75000   1.99999997E-04   1.72719177E-07   1.00000006E+00   9.99999888E-01  -1.08565239E-05   2.64445058E-08   3.42414929E-06  -2.24994539E-06  -5.59124209E-13
    4       3.90000   1.99999999E-04   1.06917045E-07   1.00000004E+00   9.99999931E-01  -1.01341939E-05   1.70062794E-08   3.43027898E-06  -2.25325395E-06  -1.54332392E-13
    4       4.05000   2.00000000E-04   6.50605920E-08   1.00000002E+00   9.99999958E-01  -9.41122955E-06   1.07424230E-08   3.43434706E-06  -2.25544974E-06  -3.98431992E-14
    4       4.20000   2.00000000E-04   3.89118173E-08   1.00000001E+00   9.99999975E-01  -8.68784900E-06   6.66473170E-09   3.43699532E-06  -2.25687917E-06  -9.59414459E-15
    4       4.35000   2.00000000E-04   2.28692466E-08   1.00000001E+00   9.99999985E-01  -7.96420070E-06   4.06085521E-09   3.43868642E-06  -2.25779196E-06  -2.14815945E-15
    4       4.50000   2.00000000E-04   1.32043771E-08   1.00000000E+00   9.99999991E-01  -7.24038343E-06   2.42980927E-09   3.43974570E-06  -2.25836372E-06  -4.45662932E-16
    4       4.65000   2.00000000E-04   7.48720042E-09   1.00000000E+00   9.99999995E-01  -6.51646157E-06   1.42761337E-09   3.44039658E-06  -2.25871504E-06  -8.53257454E-17
    4       4.80000   2.00000000E-04   4.16677729E-09   1.00000000E+00   9.99999997E-01  -5.79247621E-06   8.23559706E-10   3.44078889E-06  -2.25892679E-06  -1.50064174E-17
    4       4.95000   2.00000000E-04   2.27359505E-09   1.00000000E+00   9.99999999E-01  -5.06845304E-06   4.66429855E-10   3.44102082E-06  -2.25905198E-06  -2.41136119E-18
    4       5.10000   2.00000000E-04   1.21400491E-09   1.00000000E+00   9.99999999E-01  -4.34440779E-06   2.59324408E-10   3.44115533E-06  -2.25912459E-06  -3.51799154E-19
    4       5.25000   2.00000000E-04   6.31918432E-10   1.00000000E+00   1.00000000E+00  -3.62034989E-06   1.41521872E-10   3.44123184E-06  -2.25916588E-06  -4.62505182E-20
    4       5.40000   2.00000000E-04   3.18086536E-10   1.00000000E+00   1.00000000E+00  -2.89628488E-06   7.58022987E-11   3.44127452E-06  -2.25918892E-06  -5.42996415E-21
    4       5.55000   2.00000000E-04   1.52043491E-10   1.00000000E+00   1.00000000E+00  -2.17221595E-06   3.98449659E-11   3.44129787E-06  -2.25920152E-06  -5.62997647E-22
    4       5.70000   2.00000000E-04   6.58428434E-11   1.00000000E+00   1.00000000E+00  -1.44814491E-06   2.05517312E-11   3.44131040E-06  -2.25920829E-06  -5.08367148E-23
    4       5.85000   2.00000000E-04   2.19375489E-11   1.00000000E+00   1.00000000E+00  -7.24072745E-07   1.04005551E-11   3.44131699E-06  -2.25921185E-06  -3.92613776E-24
    4       6.00000   2.00000000E-04   0.00000000E+00   1.00000000E+00   1.00000000E+00   0.00000000E+00   5.43792147E-12   3.44132022E-06  -2.25921359E-06   8.15364044E-24
    5       0.00000   1.18098000E-04   2.04355848E-04   1.00008827E+00   9.99883917E-01  -2.89855578E-05   6.78809827E-06   0.00000000E+00   0.00000000E+00  -1.69702457E-06
    5       0.15000   1.31921544E-04   1.83051301E-04   1.00007768E+00   9.99894626E-01  -2.87044618E-05   6.67391682E-06   5.77133661E-08  -5.64696298E-08  -1.62394695E-06
    5       0.30000   1.45136717E-04   1.62108054E-04   1.00006738E+00   9.99905271E-01  -2.84128836E-05   6.50552287E-06   1.43718534E-07  -1.38858588E-07  -1.51905086E-06
    5       0.45000   1.57213741E-04   1.41869346E-04   1.00005764E+00   9.99915771E-01  -2.81009703E-05   6.23422875E-06   2.84994538E-07  -2.68876804E-07  -1.35896353E-06
    5       0.60000   1.67763460E-04   1.22643437E-04   1.00004867E+00   9.99926023E-01  -2.77600451E-05   5.87326635E-06   4.77910129E-07  -4.36923615E-07  -1.16259954E-06
    5       0.75000   1.76571023E-04   1.04689760E-04   1.00004059E+00   9.99935897E-01  -2.73830202E-05   5.43963013E-06   7.16630683E-07  -6.31839203E-07  -9.50980294E-07
    5       0.90000   1.83597282E-04   8.82089583E-05   1.00003346E+00   9.99945253E-01  -2.69646416E-05   4.95275624E-06   9.92939990E-07  -8.42403651E-07  -7.43607939E-07
    5       1.05000   1.88952095E-04   7.33374012E-05   1.00002729E+00   9.99953950E-01  -2.65015661E-05   4.43309004E-06   1.29651418E-06  -1.05849551E-06  -5.55698374E-07
    5       1.20000   1.92849659E-04   6.01462908E-05   1.00002202E+00   9.99961871E-01  -2.59922939E-05   3.90068758E-06   1.61565506E-06  -1.27175695E-06  -3.96759220E-07
    5       1.35000   1.95558136E-04   4.86450282E-05   1.00001757E+00   9.99968930E-01  -2.54369918E-05   3.37398144E-06   1.93832679E-06  -1.47579126E-06  -2.70555144E-07
    5       1.50000   1.97354403E-04   3.87881318E-05   1.00001387E+00   9.99975086E-01  -2.48372444E-05   2.86881065E-06   2.25325322E-06  -1.66603558E-06  -1.76136920E-07
    5       1.65000   1.98490816E-04   3.04847407E-05   1.00001083E+00   9.99980340E-01  -2.41957660E-05   2.39777480E-06   2.55084237E-06  -1.83948229E-06  -1.09423738E-07
    5       1.80000   1.99176308E-04   2.36096198E-05   1.00000834E+00   9.99984732E-01  -2.35160992E-05   1.96992966E-06   2.82378692E-06  -1.99438297E-06  -6.48357188E-08
    5       1.95000   1.99570331E-04   1.80145889E-05   1.00000634E+00   9.99988330E-01  -2.28023204E-05   1.59080236E-06   3.06729533E-06  -2.13000199E-06  -3.66190133E-08
    5       2.10000   1.99786014E-04   1.35394292E-05   1.00000476E+00   9.99991219E-01  -2.20587668E-05   1.26267369E-06   3.27899814E-06  -2.24642802E-06  -1.97018646E-08
    5       2.25000   1.99898367E-04   1.00215260E-05   1.00000352E+00   9.99993496E-01  -2.12897995E-05   9.85055006E-07   3.45862371E-06  -2.34442132E-06  -1.00903007E-08
    5       2.40000   1.99954018E-04   7.30375551E-06   1.00000256E+00   9.99995258E-01  -2.04996091E-05   7.55280321E-07   3.60754870E-06  -2.42527122E-06  -4.91531194E-09
    5       2.55000   1.99980207E-04   5.24038013E-06   1.00000184E+00   9.99996597E-01  -1.96920704E-05   5.69137096E-07   3.72831349E-06  -2.49064984E-06  -2.27544278E-09
    5       2.70000   1.99991904E-04   3.70094243E-06   1.00000130E+00   9.99997597E-01  -1.88706459E-05   4.21471451E-07   3.82416643E-06  -2.54246273E-06  -1.00006115E-09
    5       2.85000   1.99996858E-04   2.57232947E-06   1.00000090E+00   9.99998329E-01  -1.80383352E-05   3.06720125E-07   3.89867458E-06  -2.58270606E-06  -4.16838098E-10
    5       3.00000   1.99998844E-04   1.75929986E-06   1.00000062E+00   9.99998857E-01  -1.71976626E-05   2.19340228E-07   3.95541808E-06  -2.61334259E-06  -1.64579180E-10
    5       3.15000   1.99999598E-04   1.18382779E-06   1.00000041E+00   9.99999231E-01  -1.63506958E-05   1.54125335E-07   3.99777050E-06  -2.63620517E-06  -6.14726988E-11
    5       3.30000   1.99999868E-04   7.83629191E-07   1.00000027E+00   9.99999491E-01  -1.54990852E-05   1.06410883E-07   4.02875846E-06  -2.65293176E-06  -2.16901997E-11
    5       3.45000   1.99999959E-04   5.10205669E-07   1.00000018E+00   9.99999669E-01  -1.46441156E-05   7.21821132E-08   4.05098842E-06  -2.66493063E-06  -7.21815543E-12
    5       3.60000   1.99999988E-04   3.26687350E-07   1.00000011E+00   9.99999788E-01  -1.37867641E-05   4.81037133E-08   4.06662626E-06  -2.67337124E-06  -2.26153247E-12
    5       3.75000   1.99999997E-04   2.05689092E-07   1.00000007E+00   9.99999866E-01  -1.29277562E-05   3.14923939E-08   4.07741457E-06  -2.67919428E-06  -6.65795158E-13
    5       3.90000   1.99999999E-04   1.27326915E-07   1.00000004E+00   9.99999917E-01  -1.20676186E-05   2.02526582E-08   4.08471428E-06  -2.68313434E-06  -1.83776266E-13
    5       4.05000   2.00000000E-04   7.74807602E-08   1.00000003E+00   9.99999950E-01  -1.12067255E-05   1.27931504E-08   4.08955890E-06  -2.68574924E-06  -4.74445725E-14
    5       4.20000   2.00000000E-04   4.63404223E-08   1.00000002E+00   9.99999970E-01  -1.03453368E-05   7.93707491E-09   4.09271270E-06  -2.68745153E-06  -1.14245366E-14
    5       4.35000   2.00000000E-04   2.72353498E-08   1.00000001E+00   9.99999982E-01  -9.48362927E-06   4.83612913E-09   4.09472662E-06  -2.68853856E-06  -2.55799005E-15
    5       4.50000   2.00000000E-04   1.57253986E-08   1.00000001E+00   9.99999990E-01  -8.62172050E-06   2.89371106E-09   4.09598814E-06  -2.68921947E-06  -5.30687488E-16
    5       4.65000   2.00000000E-04   8.91673485E-09   1.00000000E+00   9.99999994E-01  -7.75968718E-06   1.70018508E-09   4.09676328E-06  -2.68963786E-06  -1.01604379E-16
    5       4.80000   2.00000000E-04   4.96237223E-09   1.00000000E+00   9.99999997E-01  -6.89757823E-06   9.80806462E-10   4.09723048E-06  -2.68989004E-06  -1.78693748E-17
    5       4.95000   2.00000000E-04   2.70772662E-09   1.00000000E+00   9.99999998E-01  -6.03542425E-06   5.55491243E-10   4.09750670E-06  -2.69003913E-06  -2.87140600E-18
    5       5.10000   2.00000000E-04   1.44582181E-09   1.00000000E+00   9.99999999E-01  -5.17324397E-06   3.08842405E-10   4.09766689E-06  -2.69012559E-06  -4.18916172E-19
    5       5.25000   2.00000000E-04   7.52589126E-10   1.00000000E+00   1.00000000E+00  -4.31104863E-06   1.68546504E-10   4.09775801E-06  -2.69017478E-06  -5.50742940E-20
    5       5.40000   2.00000000E-04   3.78830302E-10   1.00000000E+00   1.00000000E+00  -3.44884482E-06   9.02778450E-11   4.09780884E-06  -2.69020221E-06  -6.46590468E-21
    5       5.55000   2.00000000E-04   1.81079647E-10   1.00000000E+00   1.00000000E+00  -2.58663634E-06   4.74542175E-11   4.09783665E-06  -2.69021722E-06  -6.70407579E-22
    5       5.70000   2.00000000E-04   7.84174256E-11   1.00000000E+00   1.00000000E+00  -1.72442535E-06   2.44766594E-11   4.09785157E-06  -2.69022528E-06  -6.05354553E-23
    5       5.85000   2.00000000E-04   2.61272711E-11   1.00000000E+00   1.00000000E+00  -8.62213021E-07   1.23868892E-11   4.09785942E-06  -2.69022952E-06  -4.67517497E-24
    5       6.00000   2.00000000E-04   0.00000000E+00   1.00000000E+00   1.00000000E+00   0.00000000E+00   6.47648583E-12   4.09786326E-06  -2.69023159E-06   9.70920993E-24
    6       0.00000   1.06288200E-04   2.33821038E-04   1.00010100E+00   9.99867180E-01  -3.31650313E-05   7.76690322E-06   0.00000000E+00   0.00000000E+00  -1.94172580E-06
    6       0.15000   1.22105020E-04   2.09444881E-04   1.00008888E+00   9.99879433E-01  -3.28434071E-05   7.63625982E-06   6.60332573E-08  -6.46122412E-08  -1.85811082E-06
    6       0.30000   1.37225745E-04   1.85482087E-04   1.00007709E+00   9.99891612E-01  -3.25097891E-05   7.44358728E-06   1.64437144E-07  -1.58881146E-07  -1.73808931E-06
    6       0.45000   1.51044207E-04   1.62325390E-04   1.00006595E+00   9.99903626E-01  -3.21529036E-05   7.13317836E-06   3.26080310E-07  -3.07647029E-07  -1.55491830E-06
    6       0.60000   1.63115135E-04   1.40327499E-04   1.00005568E+00   9.99915356E-01  -3.17628231E-05   6.72017258E-06   5.46808355E-07  -4.99924768E-07  -1.33023974E-06
    6       0.75000   1.73192699E-04   1.19785255E-04   1.00004644E+00   9.99926654E-01  -3.13314376E-05   6.22401450E-06   8.19945812E-07  -7.22945289E-07  -1.08810621E-06
    6       0.90000   1.81232103E-04   1.00928228E-04   1.00003829E+00   9.99937358E-01  -3.08527356E-05   5.66694238E-06   1.13609222E-06  -9.63870812E-07  -8.50831952E-07
    6       1.05000   1.87359051E-04   8.39124490E-05   1.00003122E+00   9.99947310E-01  -3.03228919E-05   5.07234919E-06   1.48343553E-06  -1.21112048E-06  -6.35826901E-07
    6       1.20000   1.91818621E-04   6.88193849E-05   1.00002519E+00   9.99956372E-01  -2.97401905E-05   4.46318248E-06   1.84859108E-06  -1.45513145E-06  -4.53969631E-07
    6       1.35000   1.94917645E-04   5.56597933E-05   1.00002011E+00   9.99964449E-01  -2.91048219E-05   3.86053226E-06   2.21778782E-06  -1.68858479E-06  -3.09567648E-07
    6       1.50000   1.96972923E-04   4.43816368E-05   1.00001587E+00   9.99971493E-01  -2.84185993E-05   3.28252120E-06   2.57812373E-06  -1.90625990E-06  -2.01534857E-07
    6       1.65000   1.98273200E-04   3.48809583E-05   1.00001239E+00   9.99977505E-01  -2.76846282E-05   2.74356553E-06   2.91862374E-06  -2.10471558E-06  -1.25202015E-07
    6       1.80000   1.99057536E-04   2.70144709E-05   1.00000954E+00   9.99982530E-01  -2.69069620E-05   2.25402682E-06   3.23092671E-06  -2.28195143E-06  -7.41846586E-08
    6       1.95000   1.99508375E-04   2.06126347E-05   1.00000726E+00   9.99986646E-01  -2.60902646E-05   1.82022937E-06   3.50954997E-06  -2.43712579E-06  -4.18992656E-08
    6       2.10000   1.99755159E-04   1.54921355E-05   1.00000544E+00   9.99989953E-01  -2.52394988E-05   1.44478312E-06   3.75178217E-06  -2.57034008E-06  -2.25427608E-08
    6       2.25000   1.99883712E-04   1.14669165E-05   1.00000403E+00   9.99992558E-01  -2.43596543E-05   1.12712931E-06   3.95731219E-06  -2.68246412E-06  -1.15452644E-08
    6       2.40000   1.99947388E-04   8.35720319E-06   1.00000293E+00   9.99994574E-01  -2.34555260E-05   8.64217882E-07   4.12771496E-06  -2.77497305E-06  -5.62407181E-09
    6       2.55000   1.99977353E-04   5.99624726E-06   1.00000210E+00   9.99996106E-01  -2.25315474E-05   6.51229200E-07   4.26589696E-06  -2.84978000E-06  -2.60354861E-09
    6       2.70000   1.99990737E-04   4.23478274E-06   1.00000148E+00   9.99997250E-01  -2.15916802E-05   4.82266498E-07   4.37557473E-06  -2.90906518E-06  -1.14426425E-09
    6       2.85000   1.99996405E-04   2.94338798E-06   1.00000103E+00   9.99998088E-01  -2.06393567E-05   3.50964523E-07   4.46082958E-06  -2.95511251E-06  -4.76943767E-10
    6       3.00000   1.99998678E-04   2.01308884E-06   1.00000071E+00   9.99998693E-01  -1.96774652E-05   2.50981262E-07   4.52575783E-06  -2.99016771E-06  -1.88310556E-10
    6       3.15000   1.99999540E-04   1.35460849E-06   1.00000047E+00   9.99999120E-01  -1.87083716E-05   1.76359617E-07   4.57421945E-06  -3.01632788E-06  -7.03367104E-11
    6       3.30000   1.99999849E-04   8.96681253E-07   1.00000031E+00   9.99999418E-01  -1.77339643E-05   1.21762430E-07   4.60967751E-06  -3.03546713E-06  -2.48178025E-11
    6       3.45000   1.99999953E-04   5.83814682E-07   1.00000020E+00   9.99999621E-01  -1.67557135E-05   8.25960018E-08   4.63511434E-06  -3.04919682E-06  -8.25897217E-12
    6       3.60000   1.99999986E-04   3.73821541E-07   1.00000013E+00   9.99999757E-01  -1.57747371E-05   5.50440322E-08   4.65300817E-06  -3.05885503E-06  -2.58763251E-12
    6       3.75000   1.99999996E-04   2.35366994E-07   1.00000008E+00   9.99999847E-01  -1.47918653E-05   3.60362460E-08   4.66535293E-06  -3.06551811E-06  -7.61799012E-13
    6       3.90000   1.99999999E-04   1.45699087E-07   1.00000005E+00   9.99999905E-01  -1.38077010E-05   2.31749154E-08   4.67370582E-06  -3.07002658E-06  -2.10275752E-13
    6       4.05000   2.00000000E-04   8.86610397E-08   1.00000003E+00   9.99999942E-01  -1.28226721E-05   1.46391515E-08   4.67924943E-06  -3.07301876E-06  -5.42858086E-14
    6       4.20000   2.00000000E-04   5.30275160E-08   1.00000002E+00   9.99999966E-01  -1.18370761E-05   9.08241155E-09   4.68285830E-06  -3.07496665E-06  -1.30718895E-14
    6       4.35000   2.00000000E-04   3.11656808E-08   1.00000001E+00   9.99999980E-01  -1.08511152E-05   5.53402229E-09   4.68516282E-06  -3.07621052E-06  -2.92683759E-15
    6       4.50000   2.00000000E-04   1.79948280E-08   1.00000001E+00   9.99999988E-01  -9.86492409E-06   3.31131515E-09   4.68660637E-06  -3.07698969E-06  -6.07209589E-16
    6       4.65000   2.00000000E-04   1.02036200E-08   1.00000000E+00   9.99999993E-01  -8.87859042E-06   1.94555677E-09   4.68749337E-06  -3.07746845E-06  -1.16255150E-16
    6       4.80000   2.00000000E-04   5.67858528E-09   1.00000000E+00   9.99999996E-01  -7.89217023E-06   1.12236314E-09   4.68802800E-06  -3.07775702E-06  -2.04460365E-17
    6       4.95000   2.00000000E-04   3.09854648E-09   1.00000000E+00   9.99999998E-01  -6.90569850E-06   6.35667014E-10   4.68834409E-06  -3.07792763E-06  -3.28544632E-18
    6       5.10000   2.00000000E-04   1.65451359E-09   1.00000000E+00   9.99999999E-01  -5.91919667E-06   3.53420531E-10   4.68852739E-06  -3.07802657E-06  -4.79321489E-19
    6       5.25000   2.00000000E-04   8.61223424E-10   1.00000000E+00   9.99999999E-01  -4.93267760E-06   1.92875464E-10   4.68863166E-06  -3.07808285E-06  -6.30156922E-20
    6       5.40000   2.00000000E-04   4.33515731E-10   1.00000000E+00   1.00000000E+00  -3.94614885E-06   1.03309624E-10   4.68868983E-06  -3.07811425E-06  -7.39825116E-21
    6       5.55000   2.00000000E-04   2.07220126E-10   1.00000000E+00   1.00000000E+00  -2.95961476E-06   5.43046112E-11   4.68872166E-06  -3.07813142E-06  -7.67076518E-22
    6       5.70000   2.00000000E-04   8.97380966E-11   1.00000000E+00   1.00000000E+00  -1.97307779E-06   2.80101978E-11   4.68873873E-06  -3.07814064E-06  -6.92643217E-23
    6       5.85000   2.00000000E-04   2.98992351E-11   1.00000000E+00   1.00000000E+00  -9.86539292E-07   1.41751636E-11   4.68874772E-06  -3.07814549E-06  -5.34930847E-24
    6       6.00000   2.00000000E-04   0.00000000E+00   1.00000000E+00   1.00000000E+00   0.00000000E+00   7.41149686E-12   4.68875211E-06  -3.07814786E-06   1.11092225E-23
    7       0.00000   9.56593800E-05   2.60339331E-04   1.00011246E+00   9.99852117E-01  -3.69265406E-05   8.64782767E-06   0.00000000E+00   0.00000000E+00  -2.16195692E-06
    7       0.15000   1.13270148E-04   2.33198809E-04   1.00009896E+00   9.99865760E-01  -3.65684420E-05   8.50236904E-06   7.35207185E-08  -7.19405944E-08  -2.06885830E-06
    7       0.30000   1.30105871E-04   2.06518496E-04   1.00008584E+00   9.99879320E-01  -3.61969890E-05   8.28784637E-06   1.83082863E-07  -1.76901437E-07  -1.93522391E-06
    7       0.45000   1.45491626E-04   1.80735677E-04   1.00007343E+00   9.99892696E-01  -3.57996295E-05   7.94223506E-06   3.63055606E-07  -3.42540174E-07  -1.73127759E-06
    7       0.60000   1.58931643E-04   1.56243064E-04   1.00006200E+00   9.99905756E-01  -3.53653100E-05   7.48239139E-06   6.08813809E-07  -5.56625647E-07  -1.48111592E-06
    7       0.75000   1.70152207E-04   1.33371163E-04   1.00005171E+00   9.99918335E-01  -3.48850009E-05   6.92996491E-06   9.12925351E-07  -8.04940441E-07  -1.21151954E-06
    7       0.90000   1.79103443E-04   1.12375580E-04   1.00004263E+00   9.99930253E-01  -3.43520088E-05   6.30971572E-06   1.26492406E-06  -1.07319069E-06  -9.47333563E-07
    7       1.05000   1.85925310E-04   9.34300381E-05   1.00003476E+00   9.99941333E-01  -3.37620748E-05   5.64768952E-06   1.65165859E-06  -1.34848209E-06  -7.07942576E-07
    7       1.20000   1.90890687E-04   7.66252436E-05   1.00002805E+00   9.99951424E-01  -3.31132880E-05   4.96943608E-06   2.05822657E-06  -1.62016731E-06  -5.05459000E-07
    7       1.35000   1.94341203E-04   6.19731744E-05   1.00002239E+00   9.99960417E-01  -3.24058607E-05   4.29843706E-06   2.46929529E-06  -1.88009744E-06  -3.44678902E-07
    7       1.50000   1.96629591E-04   4.94158944E-05   1.00001768E+00   9.99968259E-01  -3.16418115E-05   3.65487027E-06   2.87049950E-06  -2.12245995E-06  -2.24393000E-07
    7       1.65000   1.98077346E-04   3.88376603E-05   1.00001379E+00   9.99974954E-01  -3.08245980E-05   3.05478694E-06   3.24961932E-06  -2.34342349E-06  -1.39402465E-07
    7       1.80000   1.98950642E-04   3.00789402E-05   1.00001063E+00   9.99980549E-01  -2.99587333E-05   2.50972386E-06   3.59734516E-06  -2.54076087E-06  -8.25987045E-08
    7       1.95000   1.99452615E-04   2.29509719E-05   1.00000808E+00   9.99985132E-01  -2.90494102E-05   2.02672281E-06   3.90757230E-06  -2.71353500E-06  -4.66514927E-08
    7       2.10000   1.99727389E-04   1.72496568E-05   1.00000606E+00   9.99988813E-01  -2.81021542E-05   1.60869003E-06   4.17728159E-06  -2.86185878E-06  -2.50995674E-08
    7       2.25000   1.99870522E-04   1.27678421E-05   1.00000448E+00   9.99991714E-01  -2.71225210E-05   1.25500373E-06   4.40612638E-06  -2.98670063E-06  -1.28547317E-08
    7       2.40000   1.99941420E-04   9.30536815E-06   1.00000326E+00   9.99993959E-01  -2.61158492E-05   9.62268250E-07   4.59585994E-06  -3.08970289E-06  -6.26195570E-09
    7       2.55000   1.99974784E-04   6.67657817E-06   1.00000234E+00   9.99995665E-01  -2.50870751E-05   7.25117652E-07   4.74971819E-06  -3.17299557E-06  -2.89884387E-09
    7       2.70000   1.99989686E-04   4.71527903E-06   1.00000165E+00   9.99996938E-01  -2.40406101E-05   5.36986624E-07   4.87183905E-06  -3.23900606E-06  -1.27404704E-09
    7       2.85000   1.99995997E-04   3.27737153E-06   1.00000115E+00   9.99997872E-01  -2.29802753E-05   3.90788168E-07   4.96676659E-06  -3.29027724E-06  -5.31038870E-10
    7       3.00000   1.99998528E-04   2.24152220E-06   1.00000079E+00   9.99998544E-01  -2.19092871E-05   2.79461087E-07   5.03906167E-06  -3.32930947E-06  -2.09668795E-10
    7       3.15000   1.99999488E-04   1.50832826E-06   1.00000053E+00   9.99999020E-01  -2.08302796E-05   1.96372689E-07   5.09302206E-06  -3.35843767E-06  -7.83143208E-11
    7       3.30000   1.99999832E-04   9.98440441E-07   1.00000035E+00   9.99999352E-01  -1.97453554E-05   1.35580483E-07   5.13250360E-06  -3.37974849E-06  -2.76326450E-11
    7       3.45000   1.99999948E-04   6.50071475E-07   1.00000023E+00   9.99999578E-01  -1.86561516E-05   9.19697175E-08   5.16082693E-06  -3.39503605E-06  -9.19570722E-12
    7       3.60000   1.99999985E-04   4.16248293E-07   1.00000015E+00   9.99999730E-01  -1.75639130E-05   6.12911897E-08   5.18075139E-06  -3.40579021E-06  -2.88112256E-12
    7       3.75000   1.99999996E-04   2.62081139E-07   1.00000009E+00   9.99999830E-01  -1.64695638E-05   4.01263228E-08   5.19449712E-06  -3.41320940E-06  -8.48202480E-13
    7       3.90000   1.99999999E-04   1.62236706E-07   1.00000006E+00   9.99999895E-01  -1.53737753E-05   2.58053649E-08   5.20379800E-06  -3.41822952E-06  -2.34125290E-13
    7       4.05000   2.00000000E-04   9.87250152E-08   1.00000003E+00   9.99999936E-01  -1.42770242E-05   1.63008331E-08   5.20997081E-06  -3.42156128E-06  -6.04429210E-14
    7       4.20000   2.00000000E-04   5.90469932E-08   1.00000002E+00   9.99999962E-01  -1.31796416E-05   1.01133990E-08   5.21398929E-06  -3.42373025E-06  -1.45545070E-14
    7       4.35000   2.00000000E-04   3.47036577E-08   1.00000001E+00   9.99999977E-01  -1.20818527E-05   6.16224492E-09   5.21655540E-06  -3.42511531E-06  -3.25880037E-15
    7       4.50000   2.00000000E-04   2.00377277E-08   1.00000001E+00   9.99999987E-01  -1.09838075E-05   3.68723375E-09   5.21816282E-06  -3.42598291E-06  -6.76079479E-16
    7       4.65000   2.00000000E-04   1.13620631E-08   1.00000000E+00   9.99999993E-01  -9.88560350E-06   2.16643758E-09   5.21915051E-06  -3.42651602E-06  -1.29440843E-16
    7       4.80000   2.00000000E-04   6.32332092E-09   1.00000000E+00   9.99999996E-01  -8.78730316E-06   1.24979217E-09   5.21974584E-06  -3.42683735E-06  -2.27650320E-17
    7       4.95000   2.00000000E-04   3.45036653E-09   1.00000000E+00   9.99999998E-01  -7.68894544E-06   7.07841833E-10   5.22009781E-06  -3.42702733E-06  -3.65808261E-18
    7       5.10000   2.00000000E-04   1.84238202E-09   1.00000000E+00   9.99999999E-01  -6.59055421E-06   3.93550507E-10   5.22030193E-06  -3.42713750E-06  -5.33686273E-19
    7       5.25000   2.00000000E-04   9.59019142E-10   1.00000000E+00   9.99999999E-01  -5.49214377E-06   2.14777030E-10   5.22041803E-06  -3.42720017E-06  -7.01629506E-20
    7       5.40000   2.00000000E-04   4.82745611E-10   1.00000000E+00   1.00000000E+00  -4.39372256E-06   1.15041293E-10   5.22048281E-06  -3.42723513E-06  -8.23736298E-21
    7       5.55000   2.00000000E-04   2.30752990E-10   1.00000000E+00   1.00000000E+00  -3.29529540E-06   6.04716402E-11   5.22051825E-06  -3.42725426E-06  -8.54078563E-22
    7       5.70000   2.00000000E-04   9.99295741E-11   1.00000000E+00   1.00000000E+00  -2.19686503E-06   3.11912759E-11   5.22053726E-06  -3.42726453E-06  -7.71203015E-23
    7       5.85000   2.00000000E-04   3.32949861E-11   1.00000000E+00   1.00000000E+00  -1.09843295E-06   1.57850756E-11   5.22054727E-06  -3.42726993E-06  -5.95602861E-24
    7       6.00000   2.00000000E-04   0.00000000E+00   1.00000000E+00   1.00000000E+00   0.00000000E+00   8.25325235E-12   5.22055216E-06  -3.42727257E-06   1.23692338E-23
    8       0.00000   8.60934420E-05   2.84205488E-04   1.00012277E+00   9.99838561E-01  -4.03118853E-05   9.44065968E-06   0.00000000E+00   0.00000000E+00  -2.36016492E-06
    8       0.15000   1.05318764E-04   2.54577104E-04   1.00010803E+00   9.99853454E-01  -3.99209605E-05   9.28186774E-06   8.02590766E-08  -7.85361147E-08  -2.25853102E-06
    8       0.30000   1.23697984E-04   2.25451087E-04   1.00009371E+00   9.99868257E-01  -3.95154567E-05   9.04768046E-06   1.99863176E-07  -1.93119689E-07  -2.11264505E-06
    8       0.45000   1.40494304E-04   1.97304812E-04   1.00008016E+00   9.99882859E-01  -3.90816713E-05   8.67038774E-06   3.96331835E-07  -3.73943956E-07  -1.89000096E-06
    8       0.60000   1.55166500E-04   1.70567000E-04   1.00006768E+00   9.99897116E-01  -3.86075374E-05   8.16839089E-06   6.64616331E-07  -6.07656311E-07  -1.61690449E-06
    8       0.75000   1.67415764E-04   1.45598451E-04   1.00005645E+00   9.99910848E-01  -3.80831978E-05   7.56532391E-06   9.96603636E-07  -8.78735813E-07  -1.32259154E-06
    8       0.90000   1.77187649E-04   1.22678204E-04   1.00004654E+00   9.99923859E-01  -3.75013455E-05   6.88821645E-06   1.38086851E-06  -1.17157812E-06  -1.03418501E-06
    8       1.05000   1.84634944E-04   1.01995906E-04   1.00003795E+00   9.99935954E-01  -3.68573309E-05   6.16550157E-06   1.80305435E-06  -1.47210684E-06  -7.72846683E-07
    8       1.20000   1.90055546E-04   8.36505762E-05   1.00003062E+00   9.99946970E-01  -3.61490682E-05   5.42507097E-06   2.24689289E-06  -1.76869860E-06  -5.51799433E-07
    8       1.35000   1.93822405E-04   6.76552926E-05   1.00002444E+00   9.99956787E-01  -3.53767889E-05   4.69255870E-06   2.69564597E-06  -2.05245758E-06  -3.76279031E-07
    8       1.50000   1.96320592E-04   5.39468097E-05   1.00001930E+00   9.99965349E-01  -3.45426965E-05   3.98999220E-06   3.13363145E-06  -2.31703851E-06  -2.44965328E-07
    8       1.65000   1.97901077E-04   4.23987780E-05   1.00001506E+00   9.99972657E-01  -3.36505657E-05   3.33489412E-06   3.54750914E-06  -2.55825894E-06  -1.52182869E-07
    8       1.80000   1.98854437E-04   3.28370460E-05   1.00001160E+00   9.99978765E-01  -3.27053232E-05   2.73985898E-06   3.92711581E-06  -2.77368759E-06  -9.01713458E-08
    8       1.95000   1.99402430E-04   2.50555531E-05   1.00000882E+00   9.99983768E-01  -3.17126377E-05   2.21257432E-06   4.26578685E-06  -2.96230148E-06  -5.09284970E-08
    8       2.10000   1.99702396E-04   1.88314955E-05   1.00000662E+00   9.99987787E-01  -3.06785413E-05   1.75621308E-06   4.56022606E-06  -3.12422387E-06  -2.74006933E-08
    8       2.25000   1.99858652E-04   1.39387351E-05   1.00000489E+00   9.99990954E-01  -2.96090988E-05   1.37009681E-06   4.81005474E-06  -3.26051186E-06  -1.40332523E-08
    8       2.40000   1.99936050E-04   1.01587669E-05   1.00000356E+00   9.99993405E-01  -2.85101384E-05   1.05051890E-06   5.01718665E-06  -3.37295828E-06  -6.83605119E-09
    8       2.55000   1.99972472E-04   7.28891689E-06   1.00000256E+00   9.99995267E-01  -2.73870489E-05   7.91621762E-07   5.18515416E-06  -3.46388831E-06  -3.16460959E-09
    8       2.70000   1.99988740E-04   5.14775809E-06   1.00000180E+00   9.99996657E-01  -2.62446460E-05   5.86238452E-07   5.31847438E-06  -3.53595178E-06  -1.39085155E-09
    8       2.85000   1.99995630E-04   3.57798174E-06   1.00000125E+00   9.99997676E-01  -2.50871015E-05   4.26632436E-07   5.42210788E-06  -3.59192463E-06  -5.79724463E-10
    8       3.00000   1.99998393E-04   2.44713109E-06   1.00000086E+00   9.99998411E-01  -2.39179265E-05   3.05095274E-07   5.50103358E-06  -3.63453637E-06  -2.28891210E-10
    8       3.15000   1.99999441E-04   1.64668994E-06   1.00000058E+00   9.99998931E-01  -2.27399966E-05   2.14386251E-07   5.55994325E-06  -3.66633596E-06  -8.54941702E-11
    8       3.30000   1.99999816E-04   1.09003370E-06   1.00000038E+00   9.99999292E-01  -2.15556073E-05   1.48018075E-07   5.60304623E-06  -3.68960133E-06  -3.01660032E-11
    8       3.45000   1.99999943E-04   7.09709621E-07   1.00000025E+00   9.99999539E-01  -2.03665460E-05   1.00407047E-07   5.63396765E-06  -3.70629109E-06  -1.00387688E-11
    8       3.60000   1.99999983E-04   4.54437215E-07   1.00000016E+00   9.99999705E-01  -1.91741713E-05   6.69143367E-08   5.65571987E-06  -3.71803168E-06  -3.14526359E-12
    8       3.75000   1.99999995E-04   2.86127137E-07   1.00000010E+00   9.99999814E-01  -1.79794925E-05   4.38078859E-08   5.67072663E-06  -3.72613145E-06  -9.25965602E-13
    8       3.90000   1.99999999E-04   1.77122722E-07   1.00000006E+00   9.99999885E-01  -1.67832423E-05   2.81731082E-08   5.68088081E-06  -3.73161210E-06  -2.55589874E-13
    8       4.05000   2.00000000E-04   1.07783990E-07   1.00000004E+00   9.99999930E-01  -1.55859412E-05   1.77965740E-08   5.68761997E-06  -3.73524952E-06  -6.59843222E-14
    8       4.20000   2.00000000E-04   6.44654081E-08   1.00000002E+00   9.99999958E-01  -1.43879507E-05   1.10414372E-08   5.69200716E-06  -3.73761749E-06  -1.58888629E-14
    8       4.35000   2.00000000E-04   3.78883868E-08   1.00000001E+00   9.99999975E-01  -1.31895167E-05   6.72774152E-09   5.69480874E-06  -3.73912963E-06  -3.55756687E-15
    8       4.50000   2.00000000E-04   2.18766723E-08   1.00000001E+00   9.99999986E-01  -1.19908027E-05   4.02562118E-09   5.69656365E-06  -3.74007684E-06  -7.38062381E-16
    8       4.65000   2.00000000E-04   1.24048615E-08   1.00000000E+00   9.99999992E-01  -1.07919154E-05   2.36526781E-09   5.69764199E-06  -3.74065887E-06  -1.41307967E-16
    8       4.80000   2.00000000E-04   6.90369955E-09   1.00000000E+00   9.99999996E-01  -9.59292292E-06   1.36450101E-09   5.69829194E-06  -3.74100968E-06  -2.48521279E-17
    8       4.95000   2.00000000E-04   3.76707116E-09   1.00000000E+00   9.99999998E-01  -8.39386779E-06   7.72812639E-10   5.69867622E-06  -3.74121710E-06  -3.99345527E-18
    8       5.10000   2.00000000E-04   2.01150073E-09   1.00000000E+00   9.99999999E-01  -7.19477608E-06   4.29675313E-10   5.69889907E-06  -3.74133738E-06  -5.82614579E-19
    8       5.25000   2.00000000E-04   1.04705542E-09   1.00000000E+00   9.99999999E-01  -5.99566340E-06   2.34492897E-10   5.69902584E-06  -3.74140580E-06  -7.65954832E-20
    8       5.40000   2.00000000E-04   5.27063032E-10   1.00000000E+00   1.00000000E+00  -4.79653895E-06   1.25602282E-10   5.69909656E-06  -3.74144397E-06  -8.99256363E-21
    8       5.55000   2.00000000E-04   2.51937778E-10   1.00000000E+00   1.00000000E+00  -3.59740801E-06   6.60233232E-11   5.69913525E-06  -3.74146486E-06  -9.32380404E-22
    8       5.70000   2.00000000E-04   1.09104232E-10   1.00000000E+00   1.00000000E+00  -2.39827357E-06   3.40549702E-11   5.69915601E-06  -3.74147607E-06  -8.41906833E-23
    8       5.85000   2.00000000E-04   3.63519589E-11   1.00000000E+00   1.00000000E+00  -1.19913727E-06   1.72343729E-11   5.69916694E-06  -3.74148196E-06  -6.50207674E-24
    8       6.00000   2.00000000E-04   0.00000000E+00   1.00000000E+00   1.00000000E+00   0.00000000E+00   9.01103125E-12   5.69917228E-06  -3.74148485E-06   1.35032439E-23
    9       0.00000   7.74840978E-05   3.05684782E-04   1.00013205E+00   9.99826360E-01  -4.33586845E-05   1.01542085E-05   0.00000000E+00   0.00000000E+00  -2.53855212E-06
    9       0.15000   9.81625179E-05   2.73817376E-04   1.00011620E+00   9.99842378E-01  -4.29382168E-05   9.98341692E-06   8.63233095E-08  -8.44720849E-08  -2.42923648E-06
    9       0.30000   1.17930885E-04   2.42490274E-04   1.00010079E+00   9.99858300E-01  -4.25020678E-05   9.73153187E-06   2.14964782E-07  -2.07716107E-07  -2.27232408E-06
    9       0.45000   1.35996714E-04   2.12216935E-04   1.00008622E+00   9.99874006E-01  -4.20354996E-05   9.32572649E-06   4.26279196E-07  -4.02207322E-07  -2.03285198E-06
    9       0.60000   1.51777871E-04   1.83458482E-04   1.00007280E+00   9.99889340E-01  -4.15255334E-05   8.78579254E-06   7.14836666E-07  -6.53583804E-07  -1.73911420E-06
    9       0.75000   1.64952965E-04   1.56602986E-04   1.00006071E+00   9.99904110E-01  -4.09615669E-05   8.13714996E-06   1.07191142E-06  -9.45151434E-07  -1.42255633E-06
    9       0.90000   1.75463434E-04   1.31950572E-04   1.00005005E+00   9.99918104E-01  -4.03357409E-05   7.40887092E-06   1.48521512E-06  -1.26012644E-06  -1.11235132E-06
    9       1.05000   1.83473615E-04   1.09705217E-04   1.00004082E+00   9.99931114E-01  -3.96430546E-05   6.63153706E-06   1.93930649E-06  -1.58336855E-06  -8.31260380E-07
    9       1.20000   1.89303919E-04   8.99734241E-05   1.00003293E+00   9.99942961E-01  -3.88812642E-05   5.83514775E-06   2.41668802E-06  -1.90237598E-06  -5.93505822E-07
    9       1.35000   1.93355487E-04   7.27692597E-05   1.00002629E+00   9.99953521E-01  -3.80506188E-05   5.04727412E-06   2.89935669E-06  -2.20758070E-06  -4.04719147E-07
    9       1.50000   1.96042493E-04   5.80247010E-05   1.00002075E+00   9.99962730E-01  -3.71534883E-05   4.29160822E-06   3.37044517E-06  -2.49215802E-06  -2.63480424E-07
    9       1.65000   1.97742436E-04   4.56038536E-05   1.00001619E+00   9.99970590E-01  -3.61939327E-05   3.58699699E-06   3.81560496E-06  -2.75160951E-06  -1.63685233E-07
    9       1.80000   1.98767852E-04   3.53194091E-05   1.00001248E+00   9.99977160E-01  -3.51772508E-05   2.94698689E-06   4.22390456E-06  -2.98332020E-06  -9.69867229E-08
    9       1.95000   1.99357265E-04   2.69497390E-05   1.00000949E+00   9.99982541E-01  -3.41095397E-05   2.37984666E-06   4.58817544E-06  -3.18618986E-06  -5.47778010E-08
    9       2.10000   1.99679902E-04   2.02552066E-05   1.00000712E+00   9.99986863E-01  -3.29972874E-05   1.88898935E-06   4.90487201E-06  -3.36035103E-06  -2.94717066E-08
    9       2.25000   1.99847968E-04   1.49925874E-05   1.00000526E+00   9.99990270E-01  -3.18470171E-05   1.47368554E-06   5.17358668E-06  -3.50694064E-06  -1.50939208E-08
    9       2.40000   1.99931216E-04   1.09268664E-05   1.00000383E+00   9.99992906E-01  -3.06649973E-05   1.12994879E-06   5.39637763E-06  -3.62788694E-06  -7.35273714E-09
    9       2.55000   1.99970391E-04   7.84005486E-06   1.00000275E+00   9.99994909E-01  -2.94570243E-05   8.51479107E-07   5.57704398E-06  -3.72569075E-06  -3.40379875E-09
    9       2.70000   1.99987889E-04   5.53701548E-06   1.00000194E+00   9.99996404E-01  -2.82282777E-05   6.30568105E-07   5.72044411E-06  -3.80320206E-06  -1.49597561E-09
    9       2.85000   1.99995299E-04   3.84855120E-06   1.00000135E+00   9.99997501E-01  -2.69832447E-05   4.58894696E-07   5.83191340E-06  -3.86340657E-06  -6.23541496E-10
    9       3.00000   1.99998271E-04   2.63219435E-06   1.00000092E+00   9.99998291E-01  -2.57257016E-05   3.28167941E-07   5.91680703E-06  -3.90924003E-06  -2.46191384E-10
    9       3.15000   1.99999399E-04   1.77122669E-06   1.00000062E+00   9.99998850E-01  -2.44587417E-05   2.30599912E-07   5.98017136E-06  -3.94344400E-06  -9.19560347E-11
    9       3.30000   1.99999802E-04   1.17247573E-06   1.00000041E+00   9.99999239E-01  -2.31848340E-05   1.59212999E-07   6.02653391E-06  -3.96846858E-06  -3.24460256E-11
    9       3.45000   1.99999939E-04   7.63389649E-07   1.00000027E+00   9.99999504E-01  -2.19059009E-05   1.08001441E-07   6.05979382E-06  -3.98642040E-06  -1.07975242E-11
    9       3.60000   1.99999982E-04   4.88811168E-07   1.00000017E+00   9.99999683E-01  -2.06234038E-05   7.19757402E-08   6.08319118E-06  -3.99904886E-06  -3.38299053E-12
    9       3.75000   1.99999995E-04   3.07771182E-07   1.00000011E+00   9.99999800E-01  -1.93384284E-05   4.71216928E-08   6.09933297E-06  -4.00776121E-06  -9.95952412E-13
    9       3.90000   1.99999999E-04   1.90521884E-07   1.00000007E+00   9.99999876E-01  -1.80517628E-05   3.03043516E-08   6.11025521E-06  -4.01365637E-06  -2.74908000E-13
    9       4.05000   2.00000000E-04   1.15938198E-07   1.00000004E+00   9.99999925E-01  -1.67639667E-05   1.91429250E-08   6.11750414E-06  -4.01756891E-06  -7.09715832E-14
    9       4.20000   2.00000000E-04   6.93426987E-08   1.00000002E+00   9.99999955E-01  -1.54754291E-05   1.18767926E-08   6.12222322E-06  -4.02011600E-06  -1.70897831E-14
    9       4.35000   2.00000000E-04   4.07550887E-08   1.00000001E+00   9.99999974E-01  -1.41864143E-05   7.23676640E-09   6.12523674E-06  -4.02174253E-06  -3.82645673E-15
    9       4.50000   2.00000000E-04   2.35319936E-08   1.00000001E+00   9.99999985E-01  -1.28970985E-05   4.33021904E-09   6.12712443E-06  -4.02276140E-06  -7.93846992E-16
    9       4.65000   2.00000000E-04   1.33435418E-08   1.00000000E+00   9.99999991E-01  -1.16075962E-05   2.54424540E-09   6.12828435E-06  -4.02338746E-06  -1.51988378E-16
    9       4.80000   2.00000000E-04   7.42613474E-09   1.00000000E+00   9.99999995E-01  -1.03179808E-05   1.46775735E-09   6.12898348E-06  -4.02376482E-06  -2.67305142E-17
    9       4.95000   2.00000000E-04   4.05215925E-09   1.00000000E+00   9.99999997E-01  -9.02829799E-06   8.31297276E-10   6.12939684E-06  -4.02398792E-06  -4.29529067E-18
    9       5.10000   2.00000000E-04   2.16373765E-09   1.00000000E+00   9.99999999E-01  -7.73857583E-06   4.62193981E-10   6.12963656E-06  -4.02411731E-06  -6.26650055E-19
    9       5.25000   2.00000000E-04   1.12630438E-09   1.00000000E+00   9.99999999E-01  -6.44883112E-06   2.52240789E-10   6.12977291E-06  -4.02419091E-06  -8.23847625E-20
    9       5.40000   2.00000000E-04   5.66957239E-10   1.00000000E+00   1.00000000E+00  -5.15907375E-06   1.35109185E-10   6.12984899E-06  -4.02423197E-06  -9.67224421E-21
    9       5.55000   2.00000000E-04   2.71008309E-10   1.00000000E+00   1.00000000E+00  -3.86930940E-06   7.10209370E-11   6.12989061E-06  -4.02425444E-06  -1.00285206E-21
    9       5.70000   2.00000000E-04   1.17363310E-10   1.00000000E+00   1.00000000E+00  -2.57954128E-06   3.66328815E-11   6.12991294E-06  -4.02426649E-06  -9.05540270E-23
    9       5.85000   2.00000000E-04   3.91038799E-11   1.00000000E+00   1.00000000E+00  -1.28977116E-06   1.85390457E-11   6.12992469E-06  -4.02427283E-06  -6.99352006E-24
    9       6.00000   2.00000000E-04   0.00000000E+00   1.00000000E+00   1.00000000E+00   0.00000000E+00   9.69319343E-12   6.12993044E-06  -4.02427593E-06   1.45238531E-23
   10       0.00000   6.97356880E-05   3.25015945E-04   1.00014040E+00   9.99815380E-01  -4.61007948E-05   1.07964024E-05   0.00000000E+00   0.00000000E+00  -2.69910060E-06
   10       0.15000   9.17218965E-05   2.91133464E-04   1.00012354E+00   9.99832411E-01  -4.56537389E-05   1.06148114E-05   9.17808850E-08  -8.98144597E-08  -2.58287139E-06
   10       0.30000   1.12740497E-04   2.57825425E-04   1.00010716E+00   9.99849339E-01  -4.51900098E-05   1.03469987E-05   2.28555680E-07  -2.20852877E-07  -2.41603520E-06
   10       0.45000   1.31948883E-04   2.25637764E-04   1.00009168E+00   9.99866038E-01  -4.46939375E-05   9.91553245E-06   4.53230812E-07  -4.27644320E-07  -2.16141791E-06
   10       0.60000   1.48728105E-04   1.95060768E-04   1.00007740E+00   9.99882341E-01  -4.41517227E-05   9.34145572E-06   7.60033401E-07  -6.94918465E-07  -1.84910294E-06
   10       0.75000   1.62736446E-04   1.66507048E-04   1.00006455E+00   9.99898045E-01  -4.35520925E-05   8.65179578E-06   1.13968626E-06  -1.00492532E-06  -1.51252465E-06
   10       0.90000   1.73911640E-04   1.40295707E-04   1.00005322E+00   9.99912924E-01  -4.28866908E-05   7.87746303E-06   1.57912432E-06  -1.33981962E-06  -1.18270099E-06
   10       1.05000   1.82428418E-04   1.16643621E-04   1.00004340E+00   9.99926757E-01  -4.21502003E-05   7.05097277E-06   2.06193015E-06  -1.68350362E-06  -8.83832707E-07
   10       1.20000   1.88627455E-04   9.56640265E-05   1.00003502E+00   9.99939354E-01  -4.13402356E-05   6.20422121E-06   2.56949996E-06  -2.02268498E-06  -6.31041572E-07
   10       1.35000   1.92935260E-04   7.73718794E-05   1.00002795E+00   9.99950581E-01  -4.04570612E-05   5.36652280E-06   3.08269237E-06  -2.34719070E-06  -4.30315251E-07
   10       1.50000   1.95792204E-04   6.16948580E-05   1.00002207E+00   9.99960372E-01  -3.95031971E-05   4.56306773E-06   3.58357342E-06  -2.64976460E-06  -2.80144010E-07
   10       1.65000   1.97599658E-04   4.84884780E-05   1.00001722E+00   9.99968729E-01  -3.84829596E-05   3.81389476E-06   4.05688713E-06  -2.92562392E-06  -1.74037361E-07
   10       1.80000   1.98689926E-04   3.75535906E-05   1.00001327E+00   9.99975715E-01  -3.74019828E-05   3.13340711E-06   4.49101053E-06  -3.17198839E-06  -1.03120562E-07
   10       1.95000   1.99316615E-04   2.86545574E-05   1.00001009E+00   9.99981436E-01  -3.62667492E-05   2.53039663E-06   4.87832154E-06  -3.38768823E-06  -5.82421745E-08
   10       2.10000   1.99659658E-04   2.15365921E-05   1.00000757E+00   9.99986032E-01  -3.50841570E-05   2.00849248E-06   5.21505007E-06  -3.57286432E-06  -3.13356186E-08
   10       2.25000   1.99838353E-04   1.59410939E-05   1.00000560E+00   9.99989654E-01  -3.38611421E-05   1.56691940E-06   5.50076254E-06  -3.72872547E-06  -1.60485224E-08
   10       2.40000   1.99926866E-04   1.16181890E-05   1.00000408E+00   9.99992457E-01  -3.26043692E-05   1.20143918E-06   5.73764703E-06  -3.85732177E-06  -7.81775449E-09
   10       2.55000   1.99968519E-04   8.33610587E-06   1.00000292E+00   9.99994587E-01  -3.13200013E-05   9.05353672E-07   5.92974276E-06  -3.96131210E-06  -3.61906899E-09
   10       2.70000   1.99987123E-04   5.88736839E-06   1.00000206E+00   9.99996177E-01  -3.00135456E-05   6.70467230E-07   6.08221519E-06  -4.04372662E-06  -1.59058726E-09
   10       2.85000   1.99995002E-04   4.09208013E-06   1.00000143E+00   9.99997342E-01  -2.86897731E-05   4.87932691E-07   6.20073704E-06  -4.10773975E-06  -6.62976826E-10
   10       3.00000   1.99998162E-04   2.79876367E-06   1.00000098E+00   9.99998182E-01  -2.73526990E-05   3.48934880E-07   6.29100212E-06  -4.15647286E-06  -2.61761540E-10
   10       3.15000   1.99999361E-04   1.88331887E-06   1.00000066E+00   9.99998777E-01  -2.60056123E-05   2.45193386E-07   6.35837590E-06  -4.19284088E-06  -9.77717127E-11
   10       3.30000   1.99999790E-04   1.24668010E-06   1.00000044E+00   9.99999190E-01  -2.46511380E-05   1.69289313E-07   6.40767226E-06  -4.21944884E-06  -3.44980458E-11
   10       3.45000   1.99999935E-04   8.11706288E-07   1.00000028E+00   9.99999473E-01  -2.32913203E-05   1.14837041E-07   6.44303697E-06  -4.23853660E-06  -1.14804040E-11
   10       3.60000   1.99999981E-04   5.19750906E-07   1.00000018E+00   9.99999662E-01  -2.19277132E-05   7.65314661E-08   6.46791509E-06  -4.25196420E-06  -3.59694477E-12
   10       3.75000   1.99999995E-04   3.27252967E-07   1.00000011E+00   9.99999787E-01  -2.05614708E-05   5.01044432E-08   6.48507851E-06  -4.26122790E-06  -1.05894054E-12
   10       3.90000   1.99999999E-04   2.02582546E-07   1.00000007E+00   9.99999868E-01  -1.91934313E-05   3.22226929E-08   6.49669207E-06  -4.26749617E-06  -2.92294313E-13
   10       4.05000   2.00000000E-04   1.23277902E-07   1.00000004E+00   9.99999920E-01  -1.78241897E-05   2.03547900E-08   6.50439985E-06  -4.27165635E-06  -7.54601182E-14
   10       4.20000   2.00000000E-04   7.37328413E-08   1.00000003E+00   9.99999952E-01  -1.64541597E-05   1.26287106E-08   6.50941765E-06  -4.27436465E-06  -1.81706113E-14
   10       4.35000   2.00000000E-04   4.33354812E-08   1.00000002E+00   9.99999972E-01  -1.50836223E-05   7.69495195E-09   6.51262195E-06  -4.27609414E-06  -4.06845759E-15
   10       4.50000   2.00000000E-04   2.50220025E-08   1.00000001E+00   9.99999984E-01  -1.37127648E-05   4.60439694E-09   6.51462914E-06  -4.27717751E-06  -8.44053143E-16
   10       4.65000   2.00000000E-04   1.41884850E-08   1.00000000E+00   9.99999991E-01  -1.23417090E-05   2.70534984E-09   6.51586250E-06  -4.27784321E-06  -1.61600749E-16
   10       4.80000   2.00000000E-04   7.89640292E-09   1.00000000E+00   9.99999995E-01  -1.09705330E-05   1.56070297E-09   6.51660591E-06  -4.27824446E-06  -2.84210620E-17
   10       4.95000   2.00000000E-04   4.30878224E-09   1.00000000E+00   9.99999997E-01  -9.59928524E-06   8.83942288E-10   6.51704544E-06  -4.27848169E-06  -4.56694252E-18
   10       5.10000   2.00000000E-04   2.30077524E-09   1.00000000E+00   9.99999999E-01  -8.22799567E-06   4.91465920E-10   6.51730034E-06  -4.27861928E-06  -6.66281983E-19
   10       5.25000   2.00000000E-04   1.19764166E-09   1.00000000E+00   9.99999999E-01  -6.85668212E-06   2.68216817E-10   6.51744533E-06  -4.27869753E-06  -8.75951138E-20
   10       5.40000   2.00000000E-04   6.02868935E-10   1.00000000E+00   1.00000000E+00  -5.48535511E-06   1.43667029E-10   6.51752622E-06  -4.27874119E-06  -1.02839567E-20
   10       5.55000   2.00000000E-04   2.88175207E-10   1.00000000E+00   1.00000000E+00  -4.11402068E-06   7.55196799E-11   6.51757048E-06  -4.27876508E-06  -1.06627655E-21
   10       5.70000   2.00000000E-04   1.24798008E-10   1.00000000E+00   1.00000000E+00  -2.74268224E-06   3.89534769E-11   6.51759422E-06  -4.27877790E-06  -9.62810363E-23
   10       5.85000   2.00000000E-04   4.15811317E-11   1.00000000E+00   1.00000000E+00  -1.37134167E-06   1.97134984E-11   6.51760672E-06  -4.27878465E-06  -7.43581905E-24
   10       6.00000   2.00000000E-04   0.00000000E+00   1.00000000E+00   1.00000000E+00   0.00000000E+00   1.03072700E-11   6.51761283E-06  -4.27878794E-06   1.54424013E-23
   11       0.00000   6.27621192E-05   3.42413829E-04   1.00014791E+00   9.99805498E-01  -4.85686868E-05   1.13743770E-05   0.00000000E+00   0.00000000E+00  -2.84359424E-06
   11       0.15000   8.59253372E-05   3.06717816E-04   1.00013016E+00   9.99823440E-01  -4.80977020E-05   1.11830667E-05   9.66925131E-08  -9.46225983E-08  -2.72114281E-06
   11       0.30000   1.08069147E-04   2.71626966E-04   1.00011290E+00   9.99841275E-01  -4.76091511E-05   1.09009194E-05   2.40787045E-07  -2.32675966E-07  -2.54537521E-06
   11       0.45000   1.28305834E-04   2.37716445E-04   1.00009658E+00   9.99858867E-01  -4.70865256E-05   1.04463587E-05   4.77486449E-07  -4.50537593E-07  -2.27712724E-06
   11       0.60000   1.45983316E-04   2.05502786E-04   1.00008155E+00   9.99876043E-01  -4.65152873E-05   9.84155396E-06   8.00709194E-07  -7.32119591E-07  -1.94809280E-06
   11       0.75000   1.60741580E-04   1.75420688E-04   1.00006801E+00   9.99892587E-01  -4.58835602E-05   9.11497896E-06   1.20068186E-06  -1.05872168E-06  -1.59349613E-06
   11       0.90000   1.72515026E-04   1.47806333E-04   1.00005607E+00   9.99908262E-01  -4.51825407E-05   8.29919844E-06   1.66364037E-06  -1.41154325E-06  -1.24601570E-06
   11       1.05000   1.81487741E-04   1.22888205E-04   1.00004572E+00   9.99922835E-01  -4.44066270E-05   7.42846797E-06   2.17228879E-06  -1.77362482E-06  -9.31147801E-07
   11       1.20000   1.88018637E-04   1.00785600E-04   1.00003689E+00   9.99936107E-01  -4.35533058E-05   6.53639085E-06   2.70702772E-06  -2.13096257E-06  -6.64823748E-07
   11       1.35000   1.92557056E-04   8.15142770E-05   1.00002945E+00   9.99947935E-01  -4.26228559E-05   5.65385052E-06   3.24769127E-06  -2.47283903E-06  -4.53351745E-07
   11       1.50000   1.95566944E-04   6.49980437E-05   1.00002325E+00   9.99958250E-01  -4.16179318E-05   4.80738542E-06   3.77538553E-06  -2.79160974E-06  -2.95141238E-07
   11       1.65000   1.97471158E-04   5.10846856E-05   1.00001814E+00   9.99967055E-01  -4.05430811E-05   4.01810695E-06   4.27403779E-06  -3.08223601E-06  -1.83354276E-07
   11       1.80000   1.98619792E-04   3.95643985E-05   1.00001398E+00   9.99974414E-01  -3.94042393E-05   3.30118944E-06   4.73140274E-06  -3.34178882E-06  -1.08641018E-07
   11       1.95000   1.99280031E-04   3.01889352E-05   1.00001063E+00   9.99980442E-01  -3.82082359E-05   2.66589554E-06   5.13945007E-06  -3.56903580E-06  -6.13601107E-08
   11       2.10000   1.99641438E-04   2.26898760E-05   1.00000797E+00   9.99985284E-01  -3.69623382E-05   2.11604892E-06   5.49420766E-06  -3.76412536E-06  -3.30131394E-08
   11       2.25000   1.99829700E-04   1.67947816E-05   1.00000590E+00   9.99989100E-01  -3.56738534E-05   1.65083313E-06   5.79521847E-06  -3.92833096E-06  -1.69076639E-08
   11       2.40000   1.99922951E-04   1.22404060E-05   1.00000429E+00   9.99992053E-01  -3.43498031E-05   1.26578336E-06   6.04478749E-06  -4.06381234E-06  -8.23627011E-09
   11       2.55000   1.99966834E-04   8.78257352E-06   1.00000308E+00   9.99994297E-01  -3.29966800E-05   9.53843174E-07   6.24716998E-06  -4.17337064E-06  -3.81281220E-09
   11       2.70000   1.99986434E-04   6.20270324E-06   1.00000217E+00   9.99995972E-01  -3.16202863E-05   7.06378416E-07   6.40780781E-06  -4.26019814E-06  -1.67573775E-09
   11       2.85000   1.99994735E-04   4.31126946E-06   1.00000151E+00   9.99997200E-01  -3.02256484E-05   5.14068474E-07   6.53267725E-06  -4.32763914E-06  -6.98468623E-10
   11       3.00000   1.99998064E-04   2.94868607E-06   1.00000103E+00   9.99998085E-01  -2.88169965E-05   3.67626371E-07   6.62777687E-06  -4.37898205E-06  -2.75774680E-10
   11       3.15000   1.99999326E-04   1.98420922E-06   1.00000070E+00   9.99998711E-01  -2.73977956E-05   2.58328467E-07   6.69875937E-06  -4.41729780E-06  -1.03005823E-10
   11       3.30000   1.99999779E-04   1.31346935E-06   1.00000046E+00   9.99999147E-01  -2.59708116E-05   1.78358711E-07   6.75069633E-06  -4.44533088E-06  -3.63448639E-11
   11       3.45000   1.99999931E-04   8.55195001E-07   1.00000030E+00   9.99999445E-01  -2.45381979E-05   1.20989606E-07   6.78795549E-06  -4.46544103E-06  -1.20949959E-11
   11       3.60000   1.99999980E-04   5.47599244E-07   1.00000019E+00   9.99999644E-01  -2.31015917E-05   8.06319943E-08   6.81416639E-06  -4.47958791E-06  -3.78950359E-12
   11       3.75000   1.99999995E-04   3.44788310E-07   1.00000012E+00   9.99999776E-01  -2.16622091E-05   5.27891812E-08   6.83224935E-06  -4.48934787E-06  -1.11562986E-12
   11       3.90000   1.99999999E-04   2.13438290E-07   1.00000007E+00   9.99999861E-01  -2.02209330E-05   3.39493801E-08   6.84448516E-06  -4.49595195E-06  -3.07941995E-13
   11       4.05000   2.00000000E-04   1.29884378E-07   1.00000005E+00   9.99999916E-01  -1.87783905E-05   2.14455895E-08   6.85260594E-06  -4.50033502E-06  -7.94997996E-14
   11       4.20000   2.00000000E-04   7.76844403E-08   1.00000003E+00   9.99999950E-01  -1.73350173E-05   1.33055162E-08   6.85789263E-06  -4.50318844E-06  -1.91433567E-14
   11       4.35000   2.00000000E-04   4.56581269E-08   1.00000002E+00   9.99999970E-01  -1.58911096E-05   8.10737010E-09   6.86126863E-06  -4.50501061E-06  -4.28625838E-15
   11       4.50000   2.00000000E-04   2.63631884E-08   1.00000001E+00   9.99999983E-01  -1.44468645E-05   4.85118931E-09   6.86338341E-06  -4.50615203E-06  -8.89238678E-16
   11       4.65000   2.00000000E-04   1.49490401E-08   1.00000001E+00   9.99999990E-01  -1.30024106E-05   2.85036377E-09   6.86468287E-06  -4.50685341E-06  -1.70251882E-16
   11       4.80000   2.00000000E-04   8.31970624E-09   1.00000000E+00   9.99999995E-01  -1.15578300E-05   1.64436609E-09   6.86546612E-06  -4.50727616E-06  -2.99425549E-17
   11       4.95000   2.00000000E-04   4.53977831E-09   1.00000000E+00   9.99999997E-01  -1.01131738E-05   9.31329960E-10   6.86592921E-06  -4.50752611E-06  -4.81142919E-18
   11       5.10000   2.00000000E-04   2.42412881E-09   1.00000000E+00   9.99999998E-01  -8.66847357E-06   5.17814827E-10   6.86619777E-06  -4.50767107E-06  -7.01950718E-19
   11       5.25000   2.00000000E-04   1.26185591E-09   1.00000000E+00   9.99999999E-01  -7.22374806E-06   2.82597612E-10   6.86635054E-06  -4.50775352E-06  -9.22844301E-20
   11       5.40000   2.00000000E-04   6.35195058E-10   1.00000000E+00   1.00000000E+00  -5.77900837E-06   1.51370411E-10   6.86643576E-06  -4.50779952E-06  -1.08344980E-20
   11       5.55000   2.00000000E-04   3.03628186E-10   1.00000000E+00   1.00000000E+00  -4.33426085E-06   7.95692700E-11   6.86648239E-06  -4.50782469E-06  -1.12335859E-21
   11       5.70000   2.00000000E-04   1.31490475E-10   1.00000000E+00   1.00000000E+00  -2.88950911E-06   4.10423976E-11   6.86650742E-06  -4.50783820E-06  -1.01435345E-22
   11       5.85000   2.00000000E-04   4.38110820E-11   1.00000000E+00   1.00000000E+00  -1.44475514E-06   2.07707060E-11   6.86652058E-06  -4.50784530E-06  -7.83388813E-24
   11       6.00000   2.00000000E-04   0.00000000E+00   1.00000000E+00   1.00000000E+00   0.00000000E+00   1.08600446E-11   6.86652702E-06  -4.50784878E-06   1.62690947E-23
