        Time         Position             C_O2             C_OH             C_Na             C_Cl              Phi         Velocity               Xi             Zeta
       hours               cm          mol/cm3          mol/cm3          mol/cm3          mol/cm3            Volts             cm/s                                  
     0.00000   0.00000000E+00   0.00000000E+00
     0.00000   5.00000000E-02   5.00000000E-09
     0.00000   1.00000000E-01   1.00000000E-08
     0.00000   1.50000000E-01   1.50000000E-08
     0.00000   2.00000000E-01   2.00000000E-08
     0.00000   2.50000000E-01   2.50000000E-08
     0.00000   3.00000000E-01   3.00000000E-08
     0.00000   3.50000000E-01   3.50000000E-08
     0.00000   4.00000000E-01   4.00000000E-08
     0.00000   4.50000000E-01   4.50000000E-08
     0.00000   5.00000000E-01   5.00000000E-08
     0.00000   5.50000000E-01   5.50000000E-08
     0.00000   6.00000000E-01   6.00000000E-08
     0.00000   6.50000000E-01   6.50000000E-08
     0.00000   7.00000000E-01   7.00000000E-08
     0.00000   7.50000000E-01   7.50000000E-08
     0.00000   8.00000000E-01   8.00000000E-08
     0.00000   8.50000000E-01   8.50000000E-08
     0.00000   9.00000000E-01   9.00000000E-08
     0.00000   9.50000000E-01   9.50000000E-08
     0.00000   1.00000000E+00   1.00000000E-07
     0.00000   1.05000000E+00   1.05000000E-07
     0.00000   1.10000000E+00   1.10000000E-07
     0.00000   1.15000000E+00   1.15000000E-07
     0.00000   1.20000000E+00   1.20000000E-07
     0.00000   1.25000000E+00   1.25000000E-07
     0.00000   1.30000000E+00   1.30000000E-07
     0.00000   1.35000000E+00   1.35000000E-07
     0.00000   1.40000000E+00   1.40000000E-07
     0.00000   1.45000000E+00   1.45000000E-07
     0.00000   1.50000000E+00   1.50000000E-07
     0.00000   1.55000000E+00   1.55000000E-07
     0.00000   1.60000000E+00   1.60000000E-07
     0.00000   1.65000000E+00   1.65000000E-07
     0.00000   1.70000000E+00   1.70000000E-07
     0.00000   1.75000000E+00   1.75000000E-07
     0.00000   1.80000000E+00   1.80000000E-07
     0.00000   1.85000000E+00   1.85000000E-07
     0.00000   1.90000000E+00   1.90000000E-07
     0.00000   1.95000000E+00   1.95000000E-07
     0.00000   2.00000000E+00   2.00000000E-07
   555.55556   0.00000000E+00   0.00000000E+00
   555.55556   5.00000000E-02   1.38203923E-08
   555.55556   1.00000000E-01   2.75375189E-08
   555.55556   1.50000000E-01   4.10504202E-08
   555.55556   2.00000000E-01   5.42626637E-08
   555.55556   2.50000000E-01   6.70843976E-08
   555.55556   3.00000000E-01   7.94341658E-08
   555.55556   3.50000000E-01   9.12404234E-08
   555.55556   4.00000000E-01   1.02442707E-07
   555.55556   4.50000000E-01   1.12992430E-07
   555.55556   5.00000000E-01   1.22853296E-07
   555.55556   5.50000000E-01   1.32001328E-07
   555.55556   6.00000000E-01   1.40424546E-07
   555.55556   6.50000000E-01   1.48122319E-07
   555.55556   7.00000000E-01   1.55104448E-07
   555.55556   7.50000000E-01   1.61390022E-07
   555.55556   8.00000000E-01   1.67006126E-07
   555.55556   8.50000000E-01   1.71986445E-07
   555.55556   9.00000000E-01   1.76369828E-07
   555.55556   9.50000000E-01   1.80198872E-07
   555.55556   1.00000000E+00   1.83518569E-07
   555.55556   1.05000000E+00   1.86375052E-07
   555.55556   1.10000000E+00   1.88814482E-07
   555.55556   1.15000000E+00   1.90882082E-07
   555.55556   1.20000000E+00   1.92621340E-07
   555.55556   1.25000000E+00   1.94073381E-07
   555.55556   1.30000000E+00   1.95276501E-07
   555.55556   1.35000000E+00   1.96265855E-07
   555.55556   1.40000000E+00   1.97073285E-07
   555.55556   1.45000000E+00   1.97727266E-07
   555.55556   1.50000000E+00   1.98252958E-07
   555.55556   1.55000000E+00   1.98672330E-07
   555.55556   1.60000000E+00   1.99004353E-07
   555.55556   1.65000000E+00   1.99265227E-07
   555.55556   1.70000000E+00   1.99468646E-07
   555.55556   1.75000000E+00   1.99626059E-07
   555.55556   1.80000000E+00   1.99746945E-07
   555.55556   1.85000000E+00   1.99839073E-07
   555.55556   1.90000000E+00   1.99908752E-07
   555.55556   1.95000000E+00   1.99961048E-07
   555.55556   2.00000000E+00   2.00000000E-07
