      Diff_Coef       Frequency         Real(c)         Imag(c)
          cm2/s              Hz                                
    1.00000E-01     1.00000E-05     1.00000E+01    -3.33281E-04
    1.00000E-01     1.25893E-05     1.00000E+01    -4.19576E-04
    1.00000E-01     1.58489E-05     1.00000E+01    -5.28215E-04
    1.00000E-01     1.99526E-05     1.00000E+01    -6.64984E-04
    1.00000E-01     2.51189E-05     1.00000E+01    -8.37165E-04
    1.00000E-01     3.16228E-05     1.00000E+01    -1.05393E-03
    1.00000E-01     3.98107E-05     1.00000E+01    -1.32682E-03
    1.00000E-01     5.01187E-05     1.00000E+01    -1.67036E-03
    1.00000E-01     6.30957E-05     1.00000E+01    -2.10286E-03
    1.00000E-01     7.94328E-05     1.00000E+01    -2.64735E-03
    1.00000E-01     1.00000E-04     1.00000E+01    -3.33281E-03
    1.00000E-01     1.25893E-04     1.00000E+01    -4.19576E-03
    1.00000E-01     1.58489E-04     1.00000E+01    -5.28215E-03
    1.00000E-01     1.99526E-04     9.99999E+00    -6.64983E-03
    1.00000E-01     2.51189E-04     9.99999E+00    -8.37164E-03
    1.00000E-01     3.16228E-04     9.99999E+00    -1.05393E-02
    1.00000E-01     3.98107E-04     9.99998E+00    -1.32681E-02
    1.00000E-01     5.01187E-04     9.99997E+00    -1.67036E-02
    1.00000E-01     6.30957E-04     9.99995E+00    -2.10285E-02
    1.00000E-01     7.94328E-04     9.99992E+00    -2.64732E-02
    1.00000E-01     1.00000E-03     9.99987E+00    -3.33276E-02
    1.00000E-01     1.25893E-03     9.99979E+00    -4.19565E-02
    1.00000E-01     1.58489E-03     9.99967E+00    -5.28194E-02
    1.00000E-01     1.99526E-03     9.99947E+00    -6.64941E-02
    1.00000E-01     2.51189E-03     9.99916E+00    -8.37079E-02
    1.00000E-01     3.16228E-03     9.99867E+00    -1.05376E-01
    1.00000E-01     3.98107E-03     9.99789E+00    -1.32648E-01
    1.00000E-01     5.01187E-03     9.99665E+00    -1.66968E-01
    1.00000E-01     6.30957E-03     9.99470E+00    -2.10151E-01
    1.00000E-01     7.94328E-03     9.99160E+00    -2.64464E-01
    1.00000E-01     1.00000E-02     9.98669E+00    -3.32742E-01
    1.00000E-01     1.25893E-02     9.97892E+00    -4.18502E-01
    1.00000E-01     1.58489E-02     9.96665E+00    -5.26075E-01
    1.00000E-01     1.99526E-02     9.94726E+00    -6.60724E-01
    1.00000E-01     2.51189E-02     9.91673E+00    -8.28698E-01
    1.00000E-01     3.16228E-02     9.86882E+00    -1.03714E+00
    1.00000E-01     3.98107E-02     9.79404E+00    -1.29362E+00
    1.00000E-01     5.01187E-02     9.67834E+00    -1.60511E+00
    1.00000E-01     6.30957E-02     9.50173E+00    -1.97561E+00
    1.00000E-01     7.94328E-02     9.23763E+00    -2.40224E+00
    1.00000E-01     1.00000E-01     8.85455E+00    -2.86922E+00
    1.00000E-01     1.25893E-01     8.32277E+00    -3.34128E+00
    1.00000E-01     1.58489E-01     7.62784E+00    -3.76100E+00
    1.00000E-01     1.99526E-01     6.78794E+00    -4.05756E+00
    1.00000E-01     2.51189E-01     5.86327E+00    -4.17071E+00
    1.00000E-01     3.16228E-01     4.94358E+00    -4.07965E+00
    1.00000E-01     3.98107E-01     4.11530E+00    -3.81485E+00
    1.00000E-01     5.01187E-01     3.43082E+00    -3.44207E+00
    1.00000E-01     6.30957E-01     2.89980E+00    -3.03249E+00
    1.00000E-01     7.94328E-01     2.50095E+00    -2.64037E+00
    1.00000E-01     1.00000E+00     2.19973E+00    -2.29584E+00
    1.00000E-01     1.25893E+00     1.96182E+00    -2.00798E+00
    1.00000E-01     1.58489E+00     1.76059E+00    -1.77163E+00
    1.00000E-01     1.99526E+00     1.57997E+00    -1.57470E+00
    1.00000E-01     2.51189E+00     1.41367E+00    -1.40478E+00
    1.00000E-01     3.16228E+00     1.26150E+00    -1.25353E+00
    1.00000E-01     3.98107E+00     1.12458E+00    -1.11732E+00
    1.00000E-01     5.01187E+00     1.00276E+00    -9.95034E-01
    1.00000E-01     6.30957E+00     8.94566E-01    -8.85835E-01
    1.00000E-01     7.94328E+00     7.98320E-01    -7.88473E-01
    1.00000E-01     1.00000E+01     7.12653E-01    -7.01603E-01
    1.00000E-01     1.25893E+01     6.36438E-01    -6.24042E-01
    1.00000E-01     1.58489E+01     5.68672E-01    -5.54764E-01
    1.00000E-01     1.99526E+01     5.08456E-01    -4.92852E-01
    1.00000E-01     2.51189E+01     4.54994E-01    -4.37486E-01
    1.00000E-01     3.16228E+01     4.07577E-01    -3.87936E-01
    1.00000E-01     3.98107E+01     3.65581E-01    -3.43547E-01
    1.00000E-01     5.01187E+01     3.28453E-01    -3.03737E-01
    1.00000E-01     6.30957E+01     2.95705E-01    -2.67986E-01
    1.00000E-01     7.94328E+01     2.66911E-01    -2.35832E-01
    1.00000E-01     1.00000E+02     2.41701E-01    -2.06868E-01
    1.00000E-01     1.25893E+02     2.19750E-01    -1.80735E-01
    1.00000E-01     1.58489E+02     2.00782E-01    -1.57125E-01
    1.00000E-01     1.99526E+02     1.84557E-01    -1.35781E-01
    1.00000E-01     2.51189E+02     1.70869E-01    -1.16495E-01
    1.00000E-01     3.16228E+02     1.59526E-01    -9.91145E-02
    1.00000E-01     3.98107E+02     1.50345E-01    -8.35376E-02
    1.00000E-01     5.01187E+02     1.43122E-01    -6.97051E-02
    1.00000E-01     6.30957E+02     1.37624E-01    -5.75804E-02
    1.00000E-01     7.94328E+02     1.33586E-01    -4.71203E-02
    1.00000E-01     1.00000E+03     1.30721E-01    -3.82494E-02
    1.00000E-01     1.25893E+03     1.28750E-01    -3.08477E-02
    1.00000E-01     1.58489E+03     1.27428E-01    -2.47574E-02
    1.00000E-01     1.99526E+03     1.26559E-01    -1.98006E-02
    1.00000E-01     2.51189E+03     1.25994E-01    -1.57986E-02
    1.00000E-01     3.16228E+03     1.25632E-01    -1.25855E-02
    1.00000E-01     3.98107E+03     1.25401E-01    -1.00154E-02
    1.00000E-01     5.01187E+03     1.25254E-01    -7.96490E-03
    1.00000E-01     6.30957E+03     1.25160E-01    -6.33146E-03
    1.00000E-01     7.94328E+03     1.25101E-01    -5.03163E-03
    1.00000E-01     1.00000E+04     1.25064E-01    -3.99796E-03
    1.00000E-01     1.25893E+04     1.25040E-01    -3.17629E-03
    1.00000E-01     1.58489E+04     1.25025E-01    -2.52332E-03
    1.00000E-01     1.99526E+04     1.25016E-01    -2.00449E-03
    1.00000E-01     2.51189E+04     1.25010E-01    -1.59230E-03
    1.00000E-01     3.16228E+04     1.25006E-01    -1.26485E-03
    1.00000E-01     3.98107E+04     1.25004E-01    -1.00472E-03
    1.00000E-01     5.01187E+04     1.25003E-01    -7.98089E-04
    1.00000E-01     6.30957E+04     1.25002E-01    -6.33949E-04
    1.00000E-01     7.94328E+04     1.25001E-01    -5.03566E-04
    1.00000E-01     1.00000E+05     1.25001E-01    -3.99998E-04
    1.00000E-02     1.00000E-05     1.00000E+02    -3.33281E-02
    1.00000E-02     1.25893E-05     1.00000E+02    -4.19576E-02
    1.00000E-02     1.58489E-05     1.00000E+02    -5.28215E-02
    1.00000E-02     1.99526E-05     9.99999E+01    -6.64983E-02
    1.00000E-02     2.51189E-05     9.99999E+01    -8.37164E-02
    1.00000E-02     3.16228E-05     9.99999E+01    -1.05393E-01
    1.00000E-02     3.98107E-05     9.99998E+01    -1.32681E-01
    1.00000E-02     5.01187E-05     9.99997E+01    -1.67036E-01
    1.00000E-02     6.30957E-05     9.99995E+01    -2.10285E-01
    1.00000E-02     7.94328E-05     9.99992E+01    -2.64732E-01
    1.00000E-02     1.00000E-04     9.99987E+01    -3.33276E-01
    1.00000E-02     1.25893E-04     9.99979E+01    -4.19565E-01
    1.00000E-02     1.58489E-04     9.99967E+01    -5.28194E-01
    1.00000E-02     1.99526E-04     9.99947E+01    -6.64941E-01
    1.00000E-02     2.51189E-04     9.99916E+01    -8.37079E-01
    1.00000E-02     3.16228E-04     9.99867E+01    -1.05376E+00
    1.00000E-02     3.98107E-04     9.99789E+01    -1.32648E+00
    1.00000E-02     5.01187E-04     9.99665E+01    -1.66968E+00
    1.00000E-02     6.30957E-04     9.99470E+01    -2.10151E+00
    1.00000E-02     7.94328E-04     9.99160E+01    -2.64464E+00
    1.00000E-02     1.00000E-03     9.98669E+01    -3.32742E+00
    1.00000E-02     1.25893E-03     9.97892E+01    -4.18502E+00
    1.00000E-02     1.58489E-03     9.96665E+01    -5.26075E+00
    1.00000E-02     1.99526E-03     9.94726E+01    -6.60724E+00
    1.00000E-02     2.51189E-03     9.91673E+01    -8.28698E+00
    1.00000E-02     3.16228E-03     9.86882E+01    -1.03714E+01
    1.00000E-02     3.98107E-03     9.79404E+01    -1.29362E+01
    1.00000E-02     5.01187E-03     9.67834E+01    -1.60511E+01
    1.00000E-02     6.30957E-03     9.50173E+01    -1.97561E+01
    1.00000E-02     7.94328E-03     9.23763E+01    -2.40224E+01
    1.00000E-02     1.00000E-02     8.85455E+01    -2.86922E+01
    1.00000E-02     1.25893E-02     8.32277E+01    -3.34128E+01
    1.00000E-02     1.58489E-02     7.62784E+01    -3.76100E+01
    1.00000E-02     1.99526E-02     6.78794E+01    -4.05756E+01
    1.00000E-02     2.51189E-02     5.86327E+01    -4.17071E+01
    1.00000E-02     3.16228E-02     4.94358E+01    -4.07965E+01
    1.00000E-02     3.98107E-02     4.11530E+01    -3.81485E+01
    1.00000E-02     5.01187E-02     3.43082E+01    -3.44207E+01
    1.00000E-02     6.30957E-02     2.89980E+01    -3.03249E+01
    1.00000E-02     7.94328E-02     2.50095E+01    -2.64037E+01
    1.00000E-02     1.00000E-01     2.19973E+01    -2.29584E+01
    1.00000E-02     1.25893E-01     1.96182E+01    -2.00798E+01
    1.00000E-02     1.58489E-01     1.76059E+01    -1.77163E+01
    1.00000E-02     1.99526E-01     1.57997E+01    -1.57470E+01
    1.00000E-02     2.51189E-01     1.41367E+01    -1.40478E+01
    1.00000E-02     3.16228E-01     1.26150E+01    -1.25353E+01
    1.00000E-02     3.98107E-01     1.12458E+01    -1.11732E+01
    1.00000E-02     5.01187E-01     1.00276E+01    -9.95034E+00
    1.00000E-02     6.30957E-01     8.94566E+00    -8.85835E+00
    1.00000E-02     7.94328E-01     7.98320E+00    -7.88473E+00
    1.00000E-02     1.00000E+00     7.12653E+00    -7.01603E+00
    1.00000E-02     1.25893E+00     6.36438E+00    -6.24042E+00
    1.00000E-02     1.58489E+00     5.68672E+00    -5.54764E+00
    1.00000E-02     1.99526E+00     5.08456E+00    -4.92852E+00
    1.00000E-02     2.51189E+00     4.54994E+00    -4.37486E+00
    1.00000E-02     3.16228E+00     4.07577E+00    -3.87936E+00
    1.00000E-02     3.98107E+00     3.65581E+00    -3.43547E+00
    1.00000E-02     5.01187E+00     3.28453E+00    -3.03737E+00
    1.00000E-02     6.30957E+00     2.95705E+00    -2.67986E+00
    1.00000E-02     7.94328E+00     2.66911E+00    -2.35832E+00
    1.00000E-02     1.00000E+01     2.41701E+00    -2.06868E+00
    1.00000E-02     1.25893E+01     2.19750E+00    -1.80735E+00
    1.00000E-02     1.58489E+01     2.00782E+00    -1.57125E+00
    1.00000E-02     1.99526E+01     1.84557E+00    -1.35781E+00
    1.00000E-02     2.51189E+01     1.70869E+00    -1.16495E+00
    1.00000E-02     3.16228E+01     1.59526E+00    -9.91145E-01
    1.00000E-02     3.98107E+01     1.50345E+00    -8.35376E-01
    1.00000E-02     5.01187E+01     1.43122E+00    -6.97051E-01
    1.00000E-02     6.30957E+01     1.37624E+00    -5.75804E-01
    1.00000E-02     7.94328E+01     1.33586E+00    -4.71203E-01
    1.00000E-02     1.00000E+02     1.30721E+00    -3.82494E-01
    1.00000E-02     1.25893E+02     1.28750E+00    -3.08477E-01
    1.00000E-02     1.58489E+02     1.27428E+00    -2.47574E-01
    1.00000E-02     1.99526E+02     1.26559E+00    -1.98006E-01
    1.00000E-02     2.51189E+02     1.25994E+00    -1.57986E-01
    1.00000E-02     3.16228E+02     1.25632E+00    -1.25855E-01
    1.00000E-02     3.98107E+02     1.25401E+00    -1.00154E-01
    1.00000E-02     5.01187E+02     1.25254E+00    -7.96490E-02
    1.00000E-02     6.30957E+02     1.25160E+00    -6.33146E-02
    1.00000E-02     7.94328E+02     1.25101E+00    -5.03163E-02
    1.00000E-02     1.00000E+03     1.25064E+00    -3.99796E-02
    1.00000E-02     1.25893E+03     1.25040E+00    -3.17629E-02
    1.00000E-02     1.58489E+03     1.25025E+00    -2.52332E-02
    1.00000E-02     1.99526E+03     1.25016E+00    -2.00449E-02
    1.00000E-02     2.51189E+03     1.25010E+00    -1.59230E-02
    1.00000E-02     3.16228E+03     1.25006E+00    -1.26485E-02
    1.00000E-02     3.98107E+03     1.25004E+00    -1.00472E-02
    1.00000E-02     5.01187E+03     1.25003E+00    -7.98089E-03
    1.00000E-02     6.30957E+03     1.25002E+00    -6.33949E-03
    1.00000E-02     7.94328E+03     1.25001E+00    -5.03566E-03
    1.00000E-02     1.00000E+04     1.25001E+00    -3.99998E-03
    1.00000E-02     1.25893E+04     1.25000E+00    -3.17730E-03
    1.00000E-02     1.58489E+04     1.25000E+00    -2.52382E-03
    1.00000E-02     1.99526E+04     1.25000E+00    -2.00475E-03
    1.00000E-02     2.51189E+04     1.25000E+00    -1.59243E-03
    1.00000E-02     3.16228E+04     1.25000E+00    -1.26491E-03
    1.00000E-02     3.98107E+04     1.25000E+00    -1.00475E-03
    1.00000E-02     5.01187E+04     1.25000E+00    -7.98105E-04
    1.00000E-02     6.30957E+04     1.25000E+00    -6.33957E-04
    1.00000E-02     7.94328E+04     1.25000E+00    -5.03570E-04
    1.00000E-02     1.00000E+05     1.25000E+00    -4.00000E-04
    1.00000E-03     1.00000E-05     9.99987E+02    -3.33276E+00
    1.00000E-03     1.25893E-05     9.99979E+02    -4.19565E+00
    1.00000E-03     1.58489E-05     9.99967E+02    -5.28194E+00
    1.00000E-03     1.99526E-05     9.99947E+02    -6.64941E+00
    1.00000E-03     2.51189E-05     9.99916E+02    -8.37079E+00
    1.00000E-03     3.16228E-05     9.99867E+02    -1.05376E+01
    1.00000E-03     3.98107E-05     9.99789E+02    -1.32648E+01
    1.00000E-03     5.01187E-05     9.99665E+02    -1.66968E+01
    1.00000E-03     6.30957E-05     9.99470E+02    -2.10151E+01
    1.00000E-03     7.94328E-05     9.99160E+02    -2.64464E+01
    1.00000E-03     1.00000E-04     9.98669E+02    -3.32742E+01
    1.00000E-03     1.25893E-04     9.97892E+02    -4.18502E+01
    1.00000E-03     1.58489E-04     9.96665E+02    -5.26075E+01
    1.00000E-03     1.99526E-04     9.94726E+02    -6.60724E+01
    1.00000E-03     2.51189E-04     9.91673E+02    -8.28698E+01
    1.00000E-03     3.16228E-04     9.86882E+02    -1.03714E+02
    1.00000E-03     3.98107E-04     9.79404E+02    -1.29362E+02
    1.00000E-03     5.01187E-04     9.67834E+02    -1.60511E+02
    1.00000E-03     6.30957E-04     9.50173E+02    -1.97561E+02
    1.00000E-03     7.94328E-04     9.23763E+02    -2.40224E+02
    1.00000E-03     1.00000E-03     8.85455E+02    -2.86922E+02
    1.00000E-03     1.25893E-03     8.32277E+02    -3.34128E+02
    1.00000E-03     1.58489E-03     7.62784E+02    -3.76100E+02
    1.00000E-03     1.99526E-03     6.78794E+02    -4.05756E+02
    1.00000E-03     2.51189E-03     5.86327E+02    -4.17071E+02
    1.00000E-03     3.16228E-03     4.94358E+02    -4.07965E+02
    1.00000E-03     3.98107E-03     4.11530E+02    -3.81485E+02
    1.00000E-03     5.01187E-03     3.43082E+02    -3.44207E+02
    1.00000E-03     6.30957E-03     2.89980E+02    -3.03249E+02
    1.00000E-03     7.94328E-03     2.50095E+02    -2.64037E+02
    1.00000E-03     1.00000E-02     2.19973E+02    -2.29584E+02
    1.00000E-03     1.25893E-02     1.96182E+02    -2.00798E+02
    1.00000E-03     1.58489E-02     1.76059E+02    -1.77163E+02
    1.00000E-03     1.99526E-02     1.57997E+02    -1.57470E+02
    1.00000E-03     2.51189E-02     1.41367E+02    -1.40478E+02
    1.00000E-03     3.16228E-02     1.26150E+02    -1.25353E+02
    1.00000E-03     3.98107E-02     1.12458E+02    -1.11732E+02
    1.00000E-03     5.01187E-02     1.00276E+02    -9.95034E+01
    1.00000E-03     6.30957E-02     8.94566E+01    -8.85835E+01
    1.00000E-03     7.94328E-02     7.98320E+01    -7.88473E+01
    1.00000E-03     1.00000E-01     7.12653E+01    -7.01603E+01
    1.00000E-03     1.25893E-01     6.36438E+01    -6.24042E+01
    1.00000E-03     1.58489E-01     5.68672E+01    -5.54764E+01
    1.00000E-03     1.99526E-01     5.08456E+01    -4.92852E+01
    1.00000E-03     2.51189E-01     4.54994E+01    -4.37486E+01
    1.00000E-03     3.16228E-01     4.07577E+01    -3.87936E+01
    1.00000E-03     3.98107E-01     3.65581E+01    -3.43547E+01
    1.00000E-03     5.01187E-01     3.28453E+01    -3.03737E+01
    1.00000E-03     6.30957E-01     2.95705E+01    -2.67986E+01
    1.00000E-03     7.94328E-01     2.66911E+01    -2.35832E+01
    1.00000E-03     1.00000E+00     2.41701E+01    -2.06868E+01
    1.00000E-03     1.25893E+00     2.19750E+01    -1.80735E+01
    1.00000E-03     1.58489E+00     2.00782E+01    -1.57125E+01
    1.00000E-03     1.99526E+00     1.84557E+01    -1.35781E+01
    1.00000E-03     2.51189E+00     1.70869E+01    -1.16495E+01
    1.00000E-03     3.16228E+00     1.59526E+01    -9.91145E+00
    1.00000E-03     3.98107E+00     1.50345E+01    -8.35376E+00
    1.00000E-03     5.01187E+00     1.43122E+01    -6.97051E+00
    1.00000E-03     6.30957E+00     1.37624E+01    -5.75804E+00
    1.00000E-03     7.94328E+00     1.33586E+01    -4.71203E+00
    1.00000E-03     1.00000E+01     1.30721E+01    -3.82494E+00
    1.00000E-03     1.25893E+01     1.28750E+01    -3.08477E+00
    1.00000E-03     1.58489E+01     1.27428E+01    -2.47574E+00
    1.00000E-03     1.99526E+01     1.26559E+01    -1.98006E+00
    1.00000E-03     2.51189E+01     1.25994E+01    -1.57986E+00
    1.00000E-03     3.16228E+01     1.25632E+01    -1.25855E+00
    1.00000E-03     3.98107E+01     1.25401E+01    -1.00154E+00
    1.00000E-03     5.01187E+01     1.25254E+01    -7.96490E-01
    1.00000E-03     6.30957E+01     1.25160E+01    -6.33146E-01
    1.00000E-03     7.94328E+01     1.25101E+01    -5.03163E-01
    1.00000E-03     1.00000E+02     1.25064E+01    -3.99796E-01
    1.00000E-03     1.25893E+02     1.25040E+01    -3.17629E-01
    1.00000E-03     1.58489E+02     1.25025E+01    -2.52332E-01
    1.00000E-03     1.99526E+02     1.25016E+01    -2.00449E-01
    1.00000E-03     2.51189E+02     1.25010E+01    -1.59230E-01
    1.00000E-03     3.16228E+02     1.25006E+01    -1.26485E-01
    1.00000E-03     3.98107E+02     1.25004E+01    -1.00472E-01
    1.00000E-03     5.01187E+02     1.25003E+01    -7.98089E-02
    1.00000E-03     6.30957E+02     1.25002E+01    -6.33949E-02
    1.00000E-03     7.94328E+02     1.25001E+01    -5.03566E-02
    1.00000E-03     1.00000E+03     1.25001E+01    -3.99998E-02
    1.00000E-03     1.25893E+03     1.25000E+01    -3.17730E-02
    1.00000E-03     1.58489E+03     1.25000E+01    -2.52382E-02
    1.00000E-03     1.99526E+03     1.25000E+01    -2.00475E-02
    1.00000E-03     2.51189E+03     1.25000E+01    -1.59243E-02
    1.00000E-03     3.16228E+03     1.25000E+01    -1.26491E-02
    1.00000E-03     3.98107E+03     1.25000E+01    -1.00475E-02
    1.00000E-03     5.01187E+03     1.25000E+01    -7.98105E-03
    1.00000E-03     6.30957E+03     1.25000E+01    -6.33957E-03
    1.00000E-03     7.94328E+03     1.25000E+01    -5.03570E-03
    1.00000E-03     1.00000E+04     1.25000E+01    -4.00000E-03
    1.00000E-03     1.25893E+04     1.25000E+01    -3.17731E-03
    1.00000E-03     1.58489E+04     1.25000E+01    -2.52383E-03
    1.00000E-03     1.99526E+04     1.25000E+01    -2.00475E-03
    1.00000E-03     2.51189E+04     1.25000E+01    -1.59243E-03
    1.00000E-03     3.16228E+04     1.25000E+01    -1.26491E-03
    1.00000E-03     3.98107E+04     1.25000E+01    -1.00475E-03
    1.00000E-03     5.01187E+04     1.25000E+01    -7.98105E-04
    1.00000E-03     6.30957E+04     1.25000E+01    -6.33957E-04
    1.00000E-03     7.94328E+04     1.25000E+01    -5.03570E-04
    1.00000E-03     1.00000E+05     1.25000E+01    -4.00000E-04
    1.00000E-04     1.00000E-05     9.98669E+03    -3.32742E+02
    1.00000E-04     1.25893E-05     9.97892E+03    -4.18502E+02
    1.00000E-04     1.58489E-05     9.96665E+03    -5.26075E+02
    1.00000E-04     1.99526E-05     9.94726E+03    -6.60724E+02
    1.00000E-04     2.51189E-05     9.91673E+03    -8.28698E+02
    1.00000E-04     3.16228E-05     9.86882E+03    -1.03714E+03
    1.00000E-04     3.98107E-05     9.79404E+03    -1.29362E+03
    1.00000E-04     5.01187E-05     9.67834E+03    -1.60511E+03
    1.00000E-04     6.30957E-05     9.50173E+03    -1.97561E+03
    1.00000E-04     7.94328E-05     9.23763E+03    -2.40224E+03
    1.00000E-04     1.00000E-04     8.85455E+03    -2.86922E+03
    1.00000E-04     1.25893E-04     8.32277E+03    -3.34128E+03
    1.00000E-04     1.58489E-04     7.62784E+03    -3.76100E+03
    1.00000E-04     1.99526E-04     6.78794E+03    -4.05756E+03
    1.00000E-04     2.51189E-04     5.86327E+03    -4.17071E+03
    1.00000E-04     3.16228E-04     4.94358E+03    -4.07965E+03
    1.00000E-04     3.98107E-04     4.11530E+03    -3.81485E+03
    1.00000E-04     5.01187E-04     3.43082E+03    -3.44207E+03
    1.00000E-04     6.30957E-04     2.89980E+03    -3.03249E+03
    1.00000E-04     7.94328E-04     2.50095E+03    -2.64037E+03
    1.00000E-04     1.00000E-03     2.19973E+03    -2.29584E+03
    1.00000E-04     1.25893E-03     1.96182E+03    -2.00798E+03
    1.00000E-04     1.58489E-03     1.76059E+03    -1.77163E+03
    1.00000E-04     1.99526E-03     1.57997E+03    -1.57470E+03
    1.00000E-04     2.51189E-03     1.41367E+03    -1.40478E+03
    1.00000E-04     3.16228E-03     1.26150E+03    -1.25353E+03
    1.00000E-04     3.98107E-03     1.12458E+03    -1.11732E+03
    1.00000E-04     5.01187E-03     1.00276E+03    -9.95034E+02
    1.00000E-04     6.30957E-03     8.94566E+02    -8.85835E+02
    1.00000E-04     7.94328E-03     7.98320E+02    -7.88473E+02
    1.00000E-04     1.00000E-02     7.12653E+02    -7.01603E+02
    1.00000E-04     1.25893E-02     6.36438E+02    -6.24042E+02
    1.00000E-04     1.58489E-02     5.68672E+02    -5.54764E+02
    1.00000E-04     1.99526E-02     5.08456E+02    -4.92852E+02
    1.00000E-04     2.51189E-02     4.54994E+02    -4.37486E+02
    1.00000E-04     3.16228E-02     4.07577E+02    -3.87936E+02
    1.00000E-04     3.98107E-02     3.65581E+02    -3.43547E+02
    1.00000E-04     5.01187E-02     3.28453E+02    -3.03737E+02
    1.00000E-04     6.30957E-02     2.95705E+02    -2.67986E+02
    1.00000E-04     7.94328E-02     2.66911E+02    -2.35832E+02
    1.00000E-04     1.00000E-01     2.41701E+02    -2.06868E+02
    1.00000E-04     1.25893E-01     2.19750E+02    -1.80735E+02
    1.00000E-04     1.58489E-01     2.00782E+02    -1.57125E+02
    1.00000E-04     1.99526E-01     1.84557E+02    -1.35781E+02
    1.00000E-04     2.51189E-01     1.70869E+02    -1.16495E+02
    1.00000E-04     3.16228E-01     1.59526E+02    -9.91145E+01
    1.00000E-04     3.98107E-01     1.50345E+02    -8.35376E+01
    1.00000E-04     5.01187E-01     1.43122E+02    -6.97051E+01
    1.00000E-04     6.30957E-01     1.37624E+02    -5.75804E+01
    1.00000E-04     7.94328E-01     1.33586E+02    -4.71203E+01
    1.00000E-04     1.00000E+00     1.30721E+02    -3.82494E+01
    1.00000E-04     1.25893E+00     1.28750E+02    -3.08477E+01
    1.00000E-04     1.58489E+00     1.27428E+02    -2.47574E+01
    1.00000E-04     1.99526E+00     1.26559E+02    -1.98006E+01
    1.00000E-04     2.51189E+00     1.25994E+02    -1.57986E+01
    1.00000E-04     3.16228E+00     1.25632E+02    -1.25855E+01
    1.00000E-04     3.98107E+00     1.25401E+02    -1.00154E+01
    1.00000E-04     5.01187E+00     1.25254E+02    -7.96490E+00
    1.00000E-04     6.30957E+00     1.25160E+02    -6.33146E+00
    1.00000E-04     7.94328E+00     1.25101E+02    -5.03163E+00
    1.00000E-04     1.00000E+01     1.25064E+02    -3.99796E+00
    1.00000E-04     1.25893E+01     1.25040E+02    -3.17629E+00
    1.00000E-04     1.58489E+01     1.25025E+02    -2.52332E+00
    1.00000E-04     1.99526E+01     1.25016E+02    -2.00449E+00
    1.00000E-04     2.51189E+01     1.25010E+02    -1.59230E+00
    1.00000E-04     3.16228E+01     1.25006E+02    -1.26485E+00
    1.00000E-04     3.98107E+01     1.25004E+02    -1.00472E+00
    1.00000E-04     5.01187E+01     1.25003E+02    -7.98089E-01
    1.00000E-04     6.30957E+01     1.25002E+02    -6.33949E-01
    1.00000E-04     7.94328E+01     1.25001E+02    -5.03566E-01
    1.00000E-04     1.00000E+02     1.25001E+02    -3.99998E-01
    1.00000E-04     1.25893E+02     1.25000E+02    -3.17730E-01
    1.00000E-04     1.58489E+02     1.25000E+02    -2.52382E-01
    1.00000E-04     1.99526E+02     1.25000E+02    -2.00475E-01
    1.00000E-04     2.51189E+02     1.25000E+02    -1.59243E-01
    1.00000E-04     3.16228E+02     1.25000E+02    -1.26491E-01
    1.00000E-04     3.98107E+02     1.25000E+02    -1.00475E-01
    1.00000E-04     5.01187E+02     1.25000E+02    -7.98105E-02
    1.00000E-04     6.30957E+02     1.25000E+02    -6.33957E-02
    1.00000E-04     7.94328E+02     1.25000E+02    -5.03570E-02
    1.00000E-04     1.00000E+03     1.25000E+02    -4.00000E-02
    1.00000E-04     1.25893E+03     1.25000E+02    -3.17731E-02
    1.00000E-04     1.58489E+03     1.25000E+02    -2.52383E-02
    1.00000E-04     1.99526E+03     1.25000E+02    -2.00475E-02
    1.00000E-04     2.51189E+03     1.25000E+02    -1.59243E-02
    1.00000E-04     3.16228E+03     1.25000E+02    -1.26491E-02
    1.00000E-04     3.98107E+03     1.25000E+02    -1.00475E-02
    1.00000E-04     5.01187E+03     1.25000E+02    -7.98105E-03
    1.00000E-04     6.30957E+03     1.25000E+02    -6.33957E-03
    1.00000E-04     7.94328E+03     1.25000E+02    -5.03570E-03
    1.00000E-04     1.00000E+04     1.25000E+02    -4.00000E-03
    1.00000E-04     1.25893E+04     1.25000E+02    -3.17731E-03
    1.00000E-04     1.58489E+04     1.25000E+02    -2.52383E-03
    1.00000E-04     1.99526E+04     1.25000E+02    -2.00475E-03
    1.00000E-04     2.51189E+04     1.25000E+02    -1.59243E-03
    1.00000E-04     3.16228E+04     1.25000E+02    -1.26491E-03
    1.00000E-04     3.98107E+04     1.25000E+02    -1.00475E-03
    1.00000E-04     5.01187E+04     1.25000E+02    -7.98105E-04
    1.00000E-04     6.30957E+04     1.25000E+02    -6.33957E-04
    1.00000E-04     7.94328E+04     1.25000E+02    -5.03570E-04
    1.00000E-04     1.00000E+05     1.25000E+02    -4.00000E-04
    1.00000E-05     1.00000E-05     8.85455E+04    -2.86922E+04
    1.00000E-05     1.25893E-05     8.32277E+04    -3.34128E+04
    1.00000E-05     1.58489E-05     7.62784E+04    -3.76100E+04
    1.00000E-05     1.99526E-05     6.78794E+04    -4.05756E+04
    1.00000E-05     2.51189E-05     5.86327E+04    -4.17071E+04
    1.00000E-05     3.16228E-05     4.94358E+04    -4.07965E+04
    1.00000E-05     3.98107E-05     4.11530E+04    -3.81485E+04
    1.00000E-05     5.01187E-05     3.43082E+04    -3.44207E+04
    1.00000E-05     6.30957E-05     2.89980E+04    -3.03249E+04
    1.00000E-05     7.94328E-05     2.50095E+04    -2.64037E+04
    1.00000E-05     1.00000E-04     2.19973E+04    -2.29584E+04
    1.00000E-05     1.25893E-04     1.96182E+04    -2.00798E+04
    1.00000E-05     1.58489E-04     1.76059E+04    -1.77163E+04
    1.00000E-05     1.99526E-04     1.57997E+04    -1.57470E+04
    1.00000E-05     2.51189E-04     1.41367E+04    -1.40478E+04
    1.00000E-05     3.16228E-04     1.26150E+04    -1.25353E+04
    1.00000E-05     3.98107E-04     1.12458E+04    -1.11732E+04
    1.00000E-05     5.01187E-04     1.00276E+04    -9.95034E+03
    1.00000E-05     6.30957E-04     8.94566E+03    -8.85835E+03
    1.00000E-05     7.94328E-04     7.98320E+03    -7.88473E+03
    1.00000E-05     1.00000E-03     7.12653E+03    -7.01603E+03
    1.00000E-05     1.25893E-03     6.36438E+03    -6.24042E+03
    1.00000E-05     1.58489E-03     5.68672E+03    -5.54764E+03
    1.00000E-05     1.99526E-03     5.08456E+03    -4.92852E+03
    1.00000E-05     2.51189E-03     4.54994E+03    -4.37486E+03
    1.00000E-05     3.16228E-03     4.07577E+03    -3.87936E+03
    1.00000E-05     3.98107E-03     3.65581E+03    -3.43547E+03
    1.00000E-05     5.01187E-03     3.28453E+03    -3.03737E+03
    1.00000E-05     6.30957E-03     2.95705E+03    -2.67986E+03
    1.00000E-05     7.94328E-03     2.66911E+03    -2.35832E+03
    1.00000E-05     1.00000E-02     2.41701E+03    -2.06868E+03
    1.00000E-05     1.25893E-02     2.19750E+03    -1.80735E+03
    1.00000E-05     1.58489E-02     2.00782E+03    -1.57125E+03
    1.00000E-05     1.99526E-02     1.84557E+03    -1.35781E+03
    1.00000E-05     2.51189E-02     1.70869E+03    -1.16495E+03
    1.00000E-05     3.16228E-02     1.59526E+03    -9.91145E+02
    1.00000E-05     3.98107E-02     1.50345E+03    -8.35376E+02
    1.00000E-05     5.01187E-02     1.43122E+03    -6.97051E+02
    1.00000E-05     6.30957E-02     1.37624E+03    -5.75804E+02
    1.00000E-05     7.94328E-02     1.33586E+03    -4.71203E+02
    1.00000E-05     1.00000E-01     1.30721E+03    -3.82494E+02
    1.00000E-05     1.25893E-01     1.28750E+03    -3.08477E+02
    1.00000E-05     1.58489E-01     1.27428E+03    -2.47574E+02
    1.00000E-05     1.99526E-01     1.26559E+03    -1.98006E+02
    1.00000E-05     2.51189E-01     1.25994E+03    -1.57986E+02
    1.00000E-05     3.16228E-01     1.25632E+03    -1.25855E+02
    1.00000E-05     3.98107E-01     1.25401E+03    -1.00154E+02
    1.00000E-05     5.01187E-01     1.25254E+03    -7.96490E+01
    1.00000E-05     6.30957E-01     1.25160E+03    -6.33146E+01
    1.00000E-05     7.94328E-01     1.25101E+03    -5.03163E+01
    1.00000E-05     1.00000E+00     1.25064E+03    -3.99796E+01
    1.00000E-05     1.25893E+00     1.25040E+03    -3.17629E+01
    1.00000E-05     1.58489E+00     1.25025E+03    -2.52332E+01
    1.00000E-05     1.99526E+00     1.25016E+03    -2.00449E+01
    1.00000E-05     2.51189E+00     1.25010E+03    -1.59230E+01
    1.00000E-05     3.16228E+00     1.25006E+03    -1.26485E+01
    1.00000E-05     3.98107E+00     1.25004E+03    -1.00472E+01
    1.00000E-05     5.01187E+00     1.25003E+03    -7.98089E+00
    1.00000E-05     6.30957E+00     1.25002E+03    -6.33949E+00
    1.00000E-05     7.94328E+00     1.25001E+03    -5.03566E+00
    1.00000E-05     1.00000E+01     1.25001E+03    -3.99998E+00
    1.00000E-05     1.25893E+01     1.25000E+03    -3.17730E+00
    1.00000E-05     1.58489E+01     1.25000E+03    -2.52382E+00
    1.00000E-05     1.99526E+01     1.25000E+03    -2.00475E+00
    1.00000E-05     2.51189E+01     1.25000E+03    -1.59243E+00
    1.00000E-05     3.16228E+01     1.25000E+03    -1.26491E+00
    1.00000E-05     3.98107E+01     1.25000E+03    -1.00475E+00
    1.00000E-05     5.01187E+01     1.25000E+03    -7.98105E-01
    1.00000E-05     6.30957E+01     1.25000E+03    -6.33957E-01
    1.00000E-05     7.94328E+01     1.25000E+03    -5.03570E-01
    1.00000E-05     1.00000E+02     1.25000E+03    -4.00000E-01
    1.00000E-05     1.25893E+02     1.25000E+03    -3.17731E-01
    1.00000E-05     1.58489E+02     1.25000E+03    -2.52383E-01
    1.00000E-05     1.99526E+02     1.25000E+03    -2.00475E-01
    1.00000E-05     2.51189E+02     1.25000E+03    -1.59243E-01
    1.00000E-05     3.16228E+02     1.25000E+03    -1.26491E-01
    1.00000E-05     3.98107E+02     1.25000E+03    -1.00475E-01
    1.00000E-05     5.01187E+02     1.25000E+03    -7.98105E-02
    1.00000E-05     6.30957E+02     1.25000E+03    -6.33957E-02
    1.00000E-05     7.94328E+02     1.25000E+03    -5.03570E-02
    1.00000E-05     1.00000E+03     1.25000E+03    -4.00000E-02
    1.00000E-05     1.25893E+03     1.25000E+03    -3.17731E-02
    1.00000E-05     1.58489E+03     1.25000E+03    -2.52383E-02
    1.00000E-05     1.99526E+03     1.25000E+03    -2.00475E-02
    1.00000E-05     2.51189E+03     1.25000E+03    -1.59243E-02
    1.00000E-05     3.16228E+03     1.25000E+03    -1.26491E-02
    1.00000E-05     3.98107E+03     1.25000E+03    -1.00475E-02
    1.00000E-05     5.01187E+03     1.25000E+03    -7.98105E-03
    1.00000E-05     6.30957E+03     1.25000E+03    -6.33957E-03
    1.00000E-05     7.94328E+03     1.25000E+03    -5.03570E-03
    1.00000E-05     1.00000E+04     1.25000E+03    -4.00000E-03
    1.00000E-05     1.25893E+04     1.25000E+03    -3.17731E-03
    1.00000E-05     1.58489E+04     1.25000E+03    -2.52383E-03
    1.00000E-05     1.99526E+04     1.25000E+03    -2.00475E-03
    1.00000E-05     2.51189E+04     1.25000E+03    -1.59243E-03
    1.00000E-05     3.16228E+04     1.25000E+03    -1.26491E-03
    1.00000E-05     3.98107E+04     1.25000E+03    -1.00475E-03
    1.00000E-05     5.01187E+04     1.25000E+03    -7.98105E-04
    1.00000E-05     6.30957E+04     1.25000E+03    -6.33957E-04
    1.00000E-05     7.94328E+04     1.25000E+03    -5.03570E-04
    1.00000E-05     1.00000E+05     1.25000E+03    -4.00000E-04
    1.00000E-06     1.00000E-05     2.19973E+05    -2.29584E+05
    1.00000E-06     1.25893E-05     1.96182E+05    -2.00798E+05
    1.00000E-06     1.58489E-05     1.76059E+05    -1.77163E+05
    1.00000E-06     1.99526E-05     1.57997E+05    -1.57470E+05
    1.00000E-06     2.51189E-05     1.41367E+05    -1.40478E+05
    1.00000E-06     3.16228E-05     1.26150E+05    -1.25353E+05
    1.00000E-06     3.98107E-05     1.12458E+05    -1.11732E+05
    1.00000E-06     5.01187E-05     1.00276E+05    -9.95034E+04
    1.00000E-06     6.30957E-05     8.94566E+04    -8.85835E+04
    1.00000E-06     7.94328E-05     7.98320E+04    -7.88473E+04
    1.00000E-06     1.00000E-04     7.12653E+04    -7.01603E+04
    1.00000E-06     1.25893E-04     6.36438E+04    -6.24042E+04
    1.00000E-06     1.58489E-04     5.68672E+04    -5.54764E+04
    1.00000E-06     1.99526E-04     5.08456E+04    -4.92852E+04
    1.00000E-06     2.51189E-04     4.54994E+04    -4.37486E+04
    1.00000E-06     3.16228E-04     4.07577E+04    -3.87936E+04
    1.00000E-06     3.98107E-04     3.65581E+04    -3.43547E+04
    1.00000E-06     5.01187E-04     3.28453E+04    -3.03737E+04
    1.00000E-06     6.30957E-04     2.95705E+04    -2.67986E+04
    1.00000E-06     7.94328E-04     2.66911E+04    -2.35832E+04
    1.00000E-06     1.00000E-03     2.41701E+04    -2.06868E+04
    1.00000E-06     1.25893E-03     2.19750E+04    -1.80735E+04
    1.00000E-06     1.58489E-03     2.00782E+04    -1.57125E+04
    1.00000E-06     1.99526E-03     1.84557E+04    -1.35781E+04
    1.00000E-06     2.51189E-03     1.70869E+04    -1.16495E+04
    1.00000E-06     3.16228E-03     1.59526E+04    -9.91145E+03
    1.00000E-06     3.98107E-03     1.50345E+04    -8.35376E+03
    1.00000E-06     5.01187E-03     1.43122E+04    -6.97051E+03
    1.00000E-06     6.30957E-03     1.37624E+04    -5.75804E+03
    1.00000E-06     7.94328E-03     1.33586E+04    -4.71203E+03
    1.00000E-06     1.00000E-02     1.30721E+04    -3.82494E+03
    1.00000E-06     1.25893E-02     1.28750E+04    -3.08477E+03
    1.00000E-06     1.58489E-02     1.27428E+04    -2.47574E+03
    1.00000E-06     1.99526E-02     1.26559E+04    -1.98006E+03
    1.00000E-06     2.51189E-02     1.25994E+04    -1.57986E+03
    1.00000E-06     3.16228E-02     1.25632E+04    -1.25855E+03
    1.00000E-06     3.98107E-02     1.25401E+04    -1.00154E+03
    1.00000E-06     5.01187E-02     1.25254E+04    -7.96490E+02
    1.00000E-06     6.30957E-02     1.25160E+04    -6.33146E+02
    1.00000E-06     7.94328E-02     1.25101E+04    -5.03163E+02
    1.00000E-06     1.00000E-01     1.25064E+04    -3.99796E+02
    1.00000E-06     1.25893E-01     1.25040E+04    -3.17629E+02
    1.00000E-06     1.58489E-01     1.25025E+04    -2.52332E+02
    1.00000E-06     1.99526E-01     1.25016E+04    -2.00449E+02
    1.00000E-06     2.51189E-01     1.25010E+04    -1.59230E+02
    1.00000E-06     3.16228E-01     1.25006E+04    -1.26485E+02
    1.00000E-06     3.98107E-01     1.25004E+04    -1.00472E+02
    1.00000E-06     5.01187E-01     1.25003E+04    -7.98089E+01
    1.00000E-06     6.30957E-01     1.25002E+04    -6.33949E+01
    1.00000E-06     7.94328E-01     1.25001E+04    -5.03566E+01
    1.00000E-06     1.00000E+00     1.25001E+04    -3.99998E+01
    1.00000E-06     1.25893E+00     1.25000E+04    -3.17730E+01
    1.00000E-06     1.58489E+00     1.25000E+04    -2.52382E+01
    1.00000E-06     1.99526E+00     1.25000E+04    -2.00475E+01
    1.00000E-06     2.51189E+00     1.25000E+04    -1.59243E+01
    1.00000E-06     3.16228E+00     1.25000E+04    -1.26491E+01
    1.00000E-06     3.98107E+00     1.25000E+04    -1.00475E+01
    1.00000E-06     5.01187E+00     1.25000E+04    -7.98105E+00
    1.00000E-06     6.30957E+00     1.25000E+04    -6.33957E+00
    1.00000E-06     7.94328E+00     1.25000E+04    -5.03570E+00
    1.00000E-06     1.00000E+01     1.25000E+04    -4.00000E+00
    1.00000E-06     1.25893E+01     1.25000E+04    -3.17731E+00
    1.00000E-06     1.58489E+01     1.25000E+04    -2.52383E+00
    1.00000E-06     1.99526E+01     1.25000E+04    -2.00475E+00
    1.00000E-06     2.51189E+01     1.25000E+04    -1.59243E+00
    1.00000E-06     3.16228E+01     1.25000E+04    -1.26491E+00
    1.00000E-06     3.98107E+01     1.25000E+04    -1.00475E+00
    1.00000E-06     5.01187E+01     1.25000E+04    -7.98105E-01
    1.00000E-06     6.30957E+01     1.25000E+04    -6.33957E-01
    1.00000E-06     7.94328E+01     1.25000E+04    -5.03570E-01
    1.00000E-06     1.00000E+02     1.25000E+04    -4.00000E-01
    1.00000E-06     1.25893E+02     1.25000E+04    -3.17731E-01
    1.00000E-06     1.58489E+02     1.25000E+04    -2.52383E-01
    1.00000E-06     1.99526E+02     1.25000E+04    -2.00475E-01
    1.00000E-06     2.51189E+02     1.25000E+04    -1.59243E-01
    1.00000E-06     3.16228E+02     1.25000E+04    -1.26491E-01
    1.00000E-06     3.98107E+02     1.25000E+04    -1.00475E-01
    1.00000E-06     5.01187E+02     1.25000E+04    -7.98105E-02
    1.00000E-06     6.30957E+02     1.25000E+04    -6.33957E-02
    1.00000E-06     7.94328E+02     1.25000E+04    -5.03570E-02
    1.00000E-06     1.00000E+03     1.25000E+04    -4.00000E-02
    1.00000E-06     1.25893E+03     1.25000E+04    -3.17731E-02
    1.00000E-06     1.58489E+03     1.25000E+04    -2.52383E-02
    1.00000E-06     1.99526E+03     1.25000E+04    -2.00475E-02
    1.00000E-06     2.51189E+03     1.25000E+04    -1.59243E-02
    1.00000E-06     3.16228E+03     1.25000E+04    -1.26491E-02
    1.00000E-06     3.98107E+03     1.25000E+04    -1.00475E-02
    1.00000E-06     5.01187E+03     1.25000E+04    -7.98105E-03
    1.00000E-06     6.30957E+03     1.25000E+04    -6.33957E-03
    1.00000E-06     7.94328E+03     1.25000E+04    -5.03570E-03
    1.00000E-06     1.00000E+04     1.25000E+04    -4.00000E-03
    1.00000E-06     1.25893E+04     1.25000E+04    -3.17731E-03
    1.00000E-06     1.58489E+04     1.25000E+04    -2.52383E-03
    1.00000E-06     1.99526E+04     1.25000E+04    -2.00475E-03
    1.00000E-06     2.51189E+04     1.25000E+04    -1.59243E-03
    1.00000E-06     3.16228E+04     1.25000E+04    -1.26491E-03
    1.00000E-06     3.98107E+04     1.25000E+04    -1.00475E-03
    1.00000E-06     5.01187E+04     1.25000E+04    -7.98105E-04
    1.00000E-06     6.30957E+04     1.25000E+04    -6.33957E-04
    1.00000E-06     7.94328E+04     1.25000E+04    -5.03570E-04
    1.00000E-06     1.00000E+05     1.25000E+04    -4.00000E-04
