      Diff_Coef       Frequency         Real(c)         Imag(c)
          cm2/s              Hz                                
    1.00000E-01     1.00000E-05     3.33437E+00    -1.00000E+05
    1.00000E-01     1.25893E-05     3.33437E+00    -7.94328E+04
    1.00000E-01     1.58489E-05     3.33437E+00    -6.30957E+04
    1.00000E-01     1.99526E-05     3.33437E+00    -5.01187E+04
    1.00000E-01     2.51189E-05     3.33437E+00    -3.98107E+04
    1.00000E-01     3.16228E-05     3.33437E+00    -3.16228E+04
    1.00000E-01     3.98107E-05     3.33437E+00    -2.51189E+04
    1.00000E-01     5.01187E-05     3.33437E+00    -1.99526E+04
    1.00000E-01     6.30957E-05     3.33437E+00    -1.58489E+04
    1.00000E-01     7.94328E-05     3.33437E+00    -1.25893E+04
    1.00000E-01     1.00000E-04     3.33437E+00    -1.00000E+04
    1.00000E-01     1.25893E-04     3.33437E+00    -7.94328E+03
    1.00000E-01     1.58489E-04     3.33437E+00    -6.30957E+03
    1.00000E-01     1.99526E-04     3.33437E+00    -5.01187E+03
    1.00000E-01     2.51189E-04     3.33437E+00    -3.98107E+03
    1.00000E-01     3.16228E-04     3.33437E+00    -3.16228E+03
    1.00000E-01     3.98107E-04     3.33437E+00    -2.51189E+03
    1.00000E-01     5.01187E-04     3.33437E+00    -1.99526E+03
    1.00000E-01     6.30957E-04     3.33437E+00    -1.58489E+03
    1.00000E-01     7.94328E-04     3.33437E+00    -1.25893E+03
    1.00000E-01     1.00000E-03     3.33437E+00    -1.00000E+03
    1.00000E-01     1.25893E-03     3.33437E+00    -7.94331E+02
    1.00000E-01     1.58489E-03     3.33437E+00    -6.30961E+02
    1.00000E-01     1.99526E-03     3.33437E+00    -5.01192E+02
    1.00000E-01     2.51189E-03     3.33436E+00    -3.98113E+02
    1.00000E-01     3.16228E-03     3.33435E+00    -3.16235E+02
    1.00000E-01     3.98107E-03     3.33434E+00    -2.51197E+02
    1.00000E-01     5.01187E-03     3.33432E+00    -1.99537E+02
    1.00000E-01     6.30957E-03     3.33429E+00    -1.58503E+02
    1.00000E-01     7.94328E-03     3.33424E+00    -1.25910E+02
    1.00000E-01     1.00000E-02     3.33416E+00    -1.00022E+02
    1.00000E-01     1.25893E-02     3.33404E+00    -7.94608E+01
    1.00000E-01     1.58489E-02     3.33384E+00    -6.31309E+01
    1.00000E-01     1.99526E-02     3.33353E+00    -5.01630E+01
    1.00000E-01     2.51189E-02     3.33304E+00    -3.98665E+01
    1.00000E-01     3.16228E-02     3.33226E+00    -3.16929E+01
    1.00000E-01     3.98107E-02     3.33103E+00    -2.52071E+01
    1.00000E-01     5.01187E-02     3.32907E+00    -2.00636E+01
    1.00000E-01     6.30957E-02     3.32598E+00    -1.59885E+01
    1.00000E-01     7.94328E-02     3.32111E+00    -1.27646E+01
    1.00000E-01     1.00000E-01     3.31342E+00    -1.02200E+01
    1.00000E-01     1.25893E-01     3.30136E+00    -8.21867E+00
    1.00000E-01     1.58489E-01     3.28253E+00    -6.65328E+00
    1.00000E-01     1.99526E-01     3.25338E+00    -5.43876E+00
    1.00000E-01     2.51189E-01     3.20884E+00    -4.50731E+00
    1.00000E-01     3.16228E-01     3.14214E+00    -3.80371E+00
    1.00000E-01     3.98107E-01     3.04518E+00    -3.28091E+00
    1.00000E-01     5.01187E-01     2.91011E+00    -2.89605E+00
    1.00000E-01     6.30957E-01     2.73260E+00    -2.60788E+00
    1.00000E-01     7.94328E-01     2.51615E+00    -2.37737E+00
    1.00000E-01     1.00000E+00     2.27433E+00    -2.17231E+00
    1.00000E-01     1.25893E+00     2.02781E+00    -1.97341E+00
    1.00000E-01     1.58489E+00     1.79626E+00    -1.77625E+00
    1.00000E-01     1.99526E+00     1.59102E+00    -1.58642E+00
    1.00000E-01     2.51189E+00     1.41359E+00    -1.41142E+00
    1.00000E-01     3.16228E+00     1.25959E+00    -1.25513E+00
    1.00000E-01     3.98107E+00     1.12378E+00    -1.11710E+00
    1.00000E-01     5.01187E+00     1.00271E+00    -9.94789E-01
    1.00000E-01     6.30957E+00     8.94621E-01    -8.85800E-01
    1.00000E-01     7.94328E+00     7.98331E-01    -7.88484E-01
    1.00000E-01     1.00000E+01     7.12652E-01    -7.01605E-01
    1.00000E-01     1.25893E+01     6.36438E-01    -6.24042E-01
    1.00000E-01     1.58489E+01     5.68672E-01    -5.54764E-01
    1.00000E-01     1.99526E+01     5.08456E-01    -4.92852E-01
    1.00000E-01     2.51189E+01     4.54994E-01    -4.37486E-01
    1.00000E-01     3.16228E+01     4.07577E-01    -3.87936E-01
    1.00000E-01     3.98107E+01     3.65581E-01    -3.43547E-01
    1.00000E-01     5.01187E+01     3.28453E-01    -3.03737E-01
    1.00000E-01     6.30957E+01     2.95705E-01    -2.67986E-01
    1.00000E-01     7.94328E+01     2.66911E-01    -2.35832E-01
    1.00000E-01     1.00000E+02     2.41701E-01    -2.06868E-01
    1.00000E-01     1.25893E+02     2.19750E-01    -1.80735E-01
    1.00000E-01     1.58489E+02     2.00782E-01    -1.57125E-01
    1.00000E-01     1.99526E+02     1.84557E-01    -1.35781E-01
    1.00000E-01     2.51189E+02     1.70869E-01    -1.16495E-01
    1.00000E-01     3.16228E+02     1.59526E-01    -9.91145E-02
    1.00000E-01     3.98107E+02     1.50345E-01    -8.35376E-02
    1.00000E-01     5.01187E+02     1.43122E-01    -6.97051E-02
    1.00000E-01     6.30957E+02     1.37624E-01    -5.75804E-02
    1.00000E-01     7.94328E+02     1.33586E-01    -4.71203E-02
    1.00000E-01     1.00000E+03     1.30721E-01    -3.82494E-02
    1.00000E-01     1.25893E+03     1.28750E-01    -3.08477E-02
    1.00000E-01     1.58489E+03     1.27428E-01    -2.47574E-02
    1.00000E-01     1.99526E+03     1.26559E-01    -1.98006E-02
    1.00000E-01     2.51189E+03     1.25994E-01    -1.57986E-02
    1.00000E-01     3.16228E+03     1.25632E-01    -1.25855E-02
    1.00000E-01     3.98107E+03     1.25401E-01    -1.00154E-02
    1.00000E-01     5.01187E+03     1.25254E-01    -7.96490E-03
    1.00000E-01     6.30957E+03     1.25160E-01    -6.33146E-03
    1.00000E-01     7.94328E+03     1.25101E-01    -5.03163E-03
    1.00000E-01     1.00000E+04     1.25064E-01    -3.99796E-03
    1.00000E-01     1.25893E+04     1.25040E-01    -3.17629E-03
    1.00000E-01     1.58489E+04     1.25025E-01    -2.52332E-03
    1.00000E-01     1.99526E+04     1.25016E-01    -2.00449E-03
    1.00000E-01     2.51189E+04     1.25010E-01    -1.59230E-03
    1.00000E-01     3.16228E+04     1.25006E-01    -1.26485E-03
    1.00000E-01     3.98107E+04     1.25004E-01    -1.00472E-03
    1.00000E-01     5.01187E+04     1.25003E-01    -7.98089E-04
    1.00000E-01     6.30957E+04     1.25002E-01    -6.33949E-04
    1.00000E-01     7.94328E+04     1.25001E-01    -5.03566E-04
    1.00000E-01     1.00000E+05     1.25001E-01    -3.99998E-04
    1.00000E-02     1.00000E-05     3.33437E+01    -1.00000E+05
    1.00000E-02     1.25893E-05     3.33437E+01    -7.94328E+04
    1.00000E-02     1.58489E-05     3.33437E+01    -6.30957E+04
    1.00000E-02     1.99526E-05     3.33437E+01    -5.01187E+04
    1.00000E-02     2.51189E-05     3.33437E+01    -3.98107E+04
    1.00000E-02     3.16228E-05     3.33437E+01    -3.16228E+04
    1.00000E-02     3.98107E-05     3.33437E+01    -2.51189E+04
    1.00000E-02     5.01187E-05     3.33437E+01    -1.99526E+04
    1.00000E-02     6.30957E-05     3.33437E+01    -1.58489E+04
    1.00000E-02     7.94328E-05     3.33437E+01    -1.25893E+04
    1.00000E-02     1.00000E-04     3.33437E+01    -1.00000E+04
    1.00000E-02     1.25893E-04     3.33437E+01    -7.94331E+03
    1.00000E-02     1.58489E-04     3.33437E+01    -6.30961E+03
    1.00000E-02     1.99526E-04     3.33437E+01    -5.01192E+03
    1.00000E-02     2.51189E-04     3.33436E+01    -3.98113E+03
    1.00000E-02     3.16228E-04     3.33435E+01    -3.16235E+03
    1.00000E-02     3.98107E-04     3.33434E+01    -2.51197E+03
    1.00000E-02     5.01187E-04     3.33432E+01    -1.99537E+03
    1.00000E-02     6.30957E-04     3.33429E+01    -1.58503E+03
    1.00000E-02     7.94328E-04     3.33424E+01    -1.25910E+03
    1.00000E-02     1.00000E-03     3.33416E+01    -1.00022E+03
    1.00000E-02     1.25893E-03     3.33404E+01    -7.94608E+02
    1.00000E-02     1.58489E-03     3.33384E+01    -6.31309E+02
    1.00000E-02     1.99526E-03     3.33353E+01    -5.01630E+02
    1.00000E-02     2.51189E-03     3.33304E+01    -3.98665E+02
    1.00000E-02     3.16228E-03     3.33226E+01    -3.16929E+02
    1.00000E-02     3.98107E-03     3.33103E+01    -2.52071E+02
    1.00000E-02     5.01187E-03     3.32907E+01    -2.00636E+02
    1.00000E-02     6.30957E-03     3.32598E+01    -1.59885E+02
    1.00000E-02     7.94328E-03     3.32111E+01    -1.27646E+02
    1.00000E-02     1.00000E-02     3.31342E+01    -1.02200E+02
    1.00000E-02     1.25893E-02     3.30136E+01    -8.21867E+01
    1.00000E-02     1.58489E-02     3.28253E+01    -6.65328E+01
    1.00000E-02     1.99526E-02     3.25338E+01    -5.43876E+01
    1.00000E-02     2.51189E-02     3.20884E+01    -4.50731E+01
    1.00000E-02     3.16228E-02     3.14214E+01    -3.80371E+01
    1.00000E-02     3.98107E-02     3.04518E+01    -3.28091E+01
    1.00000E-02     5.01187E-02     2.91011E+01    -2.89605E+01
    1.00000E-02     6.30957E-02     2.73260E+01    -2.60788E+01
    1.00000E-02     7.94328E-02     2.51615E+01    -2.37737E+01
    1.00000E-02     1.00000E-01     2.27433E+01    -2.17231E+01
    1.00000E-02     1.25893E-01     2.02781E+01    -1.97341E+01
    1.00000E-02     1.58489E-01     1.79626E+01    -1.77625E+01
    1.00000E-02     1.99526E-01     1.59102E+01    -1.58642E+01
    1.00000E-02     2.51189E-01     1.41359E+01    -1.41142E+01
    1.00000E-02     3.16228E-01     1.25959E+01    -1.25513E+01
    1.00000E-02     3.98107E-01     1.12378E+01    -1.11710E+01
    1.00000E-02     5.01187E-01     1.00271E+01    -9.94789E+00
    1.00000E-02     6.30957E-01     8.94621E+00    -8.85800E+00
    1.00000E-02     7.94328E-01     7.98331E+00    -7.88484E+00
    1.00000E-02     1.00000E+00     7.12652E+00    -7.01605E+00
    1.00000E-02     1.25893E+00     6.36438E+00    -6.24042E+00
    1.00000E-02     1.58489E+00     5.68672E+00    -5.54764E+00
    1.00000E-02     1.99526E+00     5.08456E+00    -4.92852E+00
    1.00000E-02     2.51189E+00     4.54994E+00    -4.37486E+00
    1.00000E-02     3.16228E+00     4.07577E+00    -3.87936E+00
    1.00000E-02     3.98107E+00     3.65581E+00    -3.43547E+00
    1.00000E-02     5.01187E+00     3.28453E+00    -3.03737E+00
    1.00000E-02     6.30957E+00     2.95705E+00    -2.67986E+00
    1.00000E-02     7.94328E+00     2.66911E+00    -2.35832E+00
    1.00000E-02     1.00000E+01     2.41701E+00    -2.06868E+00
    1.00000E-02     1.25893E+01     2.19750E+00    -1.80735E+00
    1.00000E-02     1.58489E+01     2.00782E+00    -1.57125E+00
    1.00000E-02     1.99526E+01     1.84557E+00    -1.35781E+00
    1.00000E-02     2.51189E+01     1.70869E+00    -1.16495E+00
    1.00000E-02     3.16228E+01     1.59526E+00    -9.91145E-01
    1.00000E-02     3.98107E+01     1.50345E+00    -8.35376E-01
    1.00000E-02     5.01187E+01     1.43122E+00    -6.97051E-01
    1.00000E-02     6.30957E+01     1.37624E+00    -5.75804E-01
    1.00000E-02     7.94328E+01     1.33586E+00    -4.71203E-01
    1.00000E-02     1.00000E+02     1.30721E+00    -3.82494E-01
    1.00000E-02     1.25893E+02     1.28750E+00    -3.08477E-01
    1.00000E-02     1.58489E+02     1.27428E+00    -2.47574E-01
    1.00000E-02     1.99526E+02     1.26559E+00    -1.98006E-01
    1.00000E-02     2.51189E+02     1.25994E+00    -1.57986E-01
    1.00000E-02     3.16228E+02     1.25632E+00    -1.25855E-01
    1.00000E-02     3.98107E+02     1.25401E+00    -1.00154E-01
    1.00000E-02     5.01187E+02     1.25254E+00    -7.96490E-02
    1.00000E-02     6.30957E+02     1.25160E+00    -6.33146E-02
    1.00000E-02     7.94328E+02     1.25101E+00    -5.03163E-02
    1.00000E-02     1.00000E+03     1.25064E+00    -3.99796E-02
    1.00000E-02     1.25893E+03     1.25040E+00    -3.17629E-02
    1.00000E-02     1.58489E+03     1.25025E+00    -2.52332E-02
    1.00000E-02     1.99526E+03     1.25016E+00    -2.00449E-02
    1.00000E-02     2.51189E+03     1.25010E+00    -1.59230E-02
    1.00000E-02     3.16228E+03     1.25006E+00    -1.26485E-02
    1.00000E-02     3.98107E+03     1.25004E+00    -1.00472E-02
    1.00000E-02     5.01187E+03     1.25003E+00    -7.98089E-03
    1.00000E-02     6.30957E+03     1.25002E+00    -6.33949E-03
    1.00000E-02     7.94328E+03     1.25001E+00    -5.03566E-03
    1.00000E-02     1.00000E+04     1.25001E+00    -3.99998E-03
    1.00000E-02     1.25893E+04     1.25000E+00    -3.17730E-03
    1.00000E-02     1.58489E+04     1.25000E+00    -2.52382E-03
    1.00000E-02     1.99526E+04     1.25000E+00    -2.00475E-03
    1.00000E-02     2.51189E+04     1.25000E+00    -1.59243E-03
    1.00000E-02     3.16228E+04     1.25000E+00    -1.26491E-03
    1.00000E-02     3.98107E+04     1.25000E+00    -1.00475E-03
    1.00000E-02     5.01187E+04     1.25000E+00    -7.98105E-04
    1.00000E-02     6.30957E+04     1.25000E+00    -6.33957E-04
    1.00000E-02     7.94328E+04     1.25000E+00    -5.03570E-04
    1.00000E-02     1.00000E+05     1.25000E+00    -4.00000E-04
    1.00000E-03     1.00000E-05     3.33437E+02    -1.00000E+05
    1.00000E-03     1.25893E-05     3.33437E+02    -7.94331E+04
    1.00000E-03     1.58489E-05     3.33437E+02    -6.30961E+04
    1.00000E-03     1.99526E-05     3.33437E+02    -5.01192E+04
    1.00000E-03     2.51189E-05     3.33436E+02    -3.98113E+04
    1.00000E-03     3.16228E-05     3.33435E+02    -3.16235E+04
    1.00000E-03     3.98107E-05     3.33434E+02    -2.51197E+04
    1.00000E-03     5.01187E-05     3.33432E+02    -1.99537E+04
    1.00000E-03     6.30957E-05     3.33429E+02    -1.58503E+04
    1.00000E-03     7.94328E-05     3.33424E+02    -1.25910E+04
    1.00000E-03     1.00000E-04     3.33416E+02    -1.00022E+04
    1.00000E-03     1.25893E-04     3.33404E+02    -7.94608E+03
    1.00000E-03     1.58489E-04     3.33384E+02    -6.31309E+03
    1.00000E-03     1.99526E-04     3.33353E+02    -5.01630E+03
    1.00000E-03     2.51189E-04     3.33304E+02    -3.98665E+03
    1.00000E-03     3.16228E-04     3.33226E+02    -3.16929E+03
    1.00000E-03     3.98107E-04     3.33103E+02    -2.52071E+03
    1.00000E-03     5.01187E-04     3.32907E+02    -2.00636E+03
    1.00000E-03     6.30957E-04     3.32598E+02    -1.59885E+03
    1.00000E-03     7.94328E-04     3.32111E+02    -1.27646E+03
    1.00000E-03     1.00000E-03     3.31342E+02    -1.02200E+03
    1.00000E-03     1.25893E-03     3.30136E+02    -8.21867E+02
    1.00000E-03     1.58489E-03     3.28253E+02    -6.65328E+02
    1.00000E-03     1.99526E-03     3.25338E+02    -5.43876E+02
    1.00000E-03     2.51189E-03     3.20884E+02    -4.50731E+02
    1.00000E-03     3.16228E-03     3.14214E+02    -3.80371E+02
    1.00000E-03     3.98107E-03     3.04518E+02    -3.28091E+02
    1.00000E-03     5.01187E-03     2.91011E+02    -2.89605E+02
    1.00000E-03     6.30957E-03     2.73260E+02    -2.60788E+02
    1.00000E-03     7.94328E-03     2.51615E+02    -2.37737E+02
    1.00000E-03     1.00000E-02     2.27433E+02    -2.17231E+02
    1.00000E-03     1.25893E-02     2.02781E+02    -1.97341E+02
    1.00000E-03     1.58489E-02     1.79626E+02    -1.77625E+02
    1.00000E-03     1.99526E-02     1.59102E+02    -1.58642E+02
    1.00000E-03     2.51189E-02     1.41359E+02    -1.41142E+02
    1.00000E-03     3.16228E-02     1.25959E+02    -1.25513E+02
    1.00000E-03     3.98107E-02     1.12378E+02    -1.11710E+02
    1.00000E-03     5.01187E-02     1.00271E+02    -9.94789E+01
    1.00000E-03     6.30957E-02     8.94621E+01    -8.85800E+01
    1.00000E-03     7.94328E-02     7.98331E+01    -7.88484E+01
    1.00000E-03     1.00000E-01     7.12652E+01    -7.01605E+01
    1.00000E-03     1.25893E-01     6.36438E+01    -6.24042E+01
    1.00000E-03     1.58489E-01     5.68672E+01    -5.54764E+01
    1.00000E-03     1.99526E-01     5.08456E+01    -4.92852E+01
    1.00000E-03     2.51189E-01     4.54994E+01    -4.37486E+01
    1.00000E-03     3.16228E-01     4.07577E+01    -3.87936E+01
    1.00000E-03     3.98107E-01     3.65581E+01    -3.43547E+01
    1.00000E-03     5.01187E-01     3.28453E+01    -3.03737E+01
    1.00000E-03     6.30957E-01     2.95705E+01    -2.67986E+01
    1.00000E-03     7.94328E-01     2.66911E+01    -2.35832E+01
    1.00000E-03     1.00000E+00     2.41701E+01    -2.06868E+01
    1.00000E-03     1.25893E+00     2.19750E+01    -1.80735E+01
    1.00000E-03     1.58489E+00     2.00782E+01    -1.57125E+01
    1.00000E-03     1.99526E+00     1.84557E+01    -1.35781E+01
    1.00000E-03     2.51189E+00     1.70869E+01    -1.16495E+01
    1.00000E-03     3.16228E+00     1.59526E+01    -9.91145E+00
    1.00000E-03     3.98107E+00     1.50345E+01    -8.35376E+00
    1.00000E-03     5.01187E+00     1.43122E+01    -6.97051E+00
    1.00000E-03     6.30957E+00     1.37624E+01    -5.75804E+00
    1.00000E-03     7.94328E+00     1.33586E+01    -4.71203E+00
    1.00000E-03     1.00000E+01     1.30721E+01    -3.82494E+00
    1.00000E-03     1.25893E+01     1.28750E+01    -3.08477E+00
    1.00000E-03     1.58489E+01     1.27428E+01    -2.47574E+00
    1.00000E-03     1.99526E+01     1.26559E+01    -1.98006E+00
    1.00000E-03     2.51189E+01     1.25994E+01    -1.57986E+00
    1.00000E-03     3.16228E+01     1.25632E+01    -1.25855E+00
    1.00000E-03     3.98107E+01     1.25401E+01    -1.00154E+00
    1.00000E-03     5.01187E+01     1.25254E+01    -7.96490E-01
    1.00000E-03     6.30957E+01     1.25160E+01    -6.33146E-01
    1.00000E-03     7.94328E+01     1.25101E+01    -5.03163E-01
    1.00000E-03     1.00000E+02     1.25064E+01    -3.99796E-01
    1.00000E-03     1.25893E+02     1.25040E+01    -3.17629E-01
    1.00000E-03     1.58489E+02     1.25025E+01    -2.52332E-01
    1.00000E-03     1.99526E+02     1.25016E+01    -2.00449E-01
    1.00000E-03     2.51189E+02     1.25010E+01    -1.59230E-01
    1.00000E-03     3.16228E+02     1.25006E+01    -1.26485E-01
    1.00000E-03     3.98107E+02     1.25004E+01    -1.00472E-01
    1.00000E-03     5.01187E+02     1.25003E+01    -7.98089E-02
    1.00000E-03     6.30957E+02     1.25002E+01    -6.33949E-02
    1.00000E-03     7.94328E+02     1.25001E+01    -5.03566E-02
    1.00000E-03     1.00000E+03     1.25001E+01    -3.99998E-02
    1.00000E-03     1.25893E+03     1.25000E+01    -3.17730E-02
    1.00000E-03     1.58489E+03     1.25000E+01    -2.52382E-02
    1.00000E-03     1.99526E+03     1.25000E+01    -2.00475E-02
    1.00000E-03     2.51189E+03     1.25000E+01    -1.59243E-02
    1.00000E-03     3.16228E+03     1.25000E+01    -1.26491E-02
    1.00000E-03     3.98107E+03     1.25000E+01    -1.00475E-02
    1.00000E-03     5.01187E+03     1.25000E+01    -7.98105E-03
    1.00000E-03     6.30957E+03     1.25000E+01    -6.33957E-03
    1.00000E-03     7.94328E+03     1.25000E+01    -5.03570E-03
    1.00000E-03     1.00000E+04     1.25000E+01    -4.00000E-03
    1.00000E-03     1.25893E+04     1.25000E+01    -3.17731E-03
    1.00000E-03     1.58489E+04     1.25000E+01    -2.52383E-03
    1.00000E-03     1.99526E+04     1.25000E+01    -2.00475E-03
    1.00000E-03     2.51189E+04     1.25000E+01    -1.59243E-03
    1.00000E-03     3.16228E+04     1.25000E+01    -1.26491E-03
    1.00000E-03     3.98107E+04     1.25000E+01    -1.00475E-03
    1.00000E-03     5.01187E+04     1.25000E+01    -7.98105E-04
    1.00000E-03     6.30957E+04     1.25000E+01    -6.33957E-04
    1.00000E-03     7.94328E+04     1.25000E+01    -5.03570E-04
    1.00000E-03     1.00000E+05     1.25000E+01    -4.00000E-04
    1.00000E-04     1.00000E-05     3.33416E+03    -1.00022E+05
    1.00000E-04     1.25893E-05     3.33404E+03    -7.94608E+04
    1.00000E-04     1.58489E-05     3.33384E+03    -6.31309E+04
    1.00000E-04     1.99526E-05     3.33353E+03    -5.01630E+04
    1.00000E-04     2.51189E-05     3.33304E+03    -3.98665E+04
    1.00000E-04     3.16228E-05     3.33226E+03    -3.16929E+04
    1.00000E-04     3.98107E-05     3.33103E+03    -2.52071E+04
    1.00000E-04     5.01187E-05     3.32907E+03    -2.00636E+04
    1.00000E-04     6.30957E-05     3.32598E+03    -1.59885E+04
    1.00000E-04     7.94328E-05     3.32111E+03    -1.27646E+04
    1.00000E-04     1.00000E-04     3.31342E+03    -1.02200E+04
    1.00000E-04     1.25893E-04     3.30136E+03    -8.21867E+03
    1.00000E-04     1.58489E-04     3.28253E+03    -6.65328E+03
    1.00000E-04     1.99526E-04     3.25338E+03    -5.43876E+03
    1.00000E-04     2.51189E-04     3.20884E+03    -4.50731E+03
    1.00000E-04     3.16228E-04     3.14214E+03    -3.80371E+03
    1.00000E-04     3.98107E-04     3.04518E+03    -3.28091E+03
    1.00000E-04     5.01187E-04     2.91011E+03    -2.89605E+03
    1.00000E-04     6.30957E-04     2.73260E+03    -2.60788E+03
    1.00000E-04     7.94328E-04     2.51615E+03    -2.37737E+03
    1.00000E-04     1.00000E-03     2.27433E+03    -2.17231E+03
    1.00000E-04     1.25893E-03     2.02781E+03    -1.97341E+03
    1.00000E-04     1.58489E-03     1.79626E+03    -1.77625E+03
    1.00000E-04     1.99526E-03     1.59102E+03    -1.58642E+03
    1.00000E-04     2.51189E-03     1.41359E+03    -1.41142E+03
    1.00000E-04     3.16228E-03     1.25959E+03    -1.25513E+03
    1.00000E-04     3.98107E-03     1.12378E+03    -1.11710E+03
    1.00000E-04     5.01187E-03     1.00271E+03    -9.94789E+02
    1.00000E-04     6.30957E-03     8.94621E+02    -8.85800E+02
    1.00000E-04     7.94328E-03     7.98331E+02    -7.88484E+02
    1.00000E-04     1.00000E-02     7.12652E+02    -7.01605E+02
    1.00000E-04     1.25893E-02     6.36438E+02    -6.24042E+02
    1.00000E-04     1.58489E-02     5.68672E+02    -5.54764E+02
    1.00000E-04     1.99526E-02     5.08456E+02    -4.92852E+02
    1.00000E-04     2.51189E-02     4.54994E+02    -4.37486E+02
    1.00000E-04     3.16228E-02     4.07577E+02    -3.87936E+02
    1.00000E-04     3.98107E-02     3.65581E+02    -3.43547E+02
    1.00000E-04     5.01187E-02     3.28453E+02    -3.03737E+02
    1.00000E-04     6.30957E-02     2.95705E+02    -2.67986E+02
    1.00000E-04     7.94328E-02     2.66911E+02    -2.35832E+02
    1.00000E-04     1.00000E-01     2.41701E+02    -2.06868E+02
    1.00000E-04     1.25893E-01     2.19750E+02    -1.80735E+02
    1.00000E-04     1.58489E-01     2.00782E+02    -1.57125E+02
    1.00000E-04     1.99526E-01     1.84557E+02    -1.35781E+02
    1.00000E-04     2.51189E-01     1.70869E+02    -1.16495E+02
    1.00000E-04     3.16228E-01     1.59526E+02    -9.91145E+01
    1.00000E-04     3.98107E-01     1.50345E+02    -8.35376E+01
    1.00000E-04     5.01187E-01     1.43122E+02    -6.97051E+01
    1.00000E-04     6.30957E-01     1.37624E+02    -5.75804E+01
    1.00000E-04     7.94328E-01     1.33586E+02    -4.71203E+01
    1.00000E-04     1.00000E+00     1.30721E+02    -3.82494E+01
    1.00000E-04     1.25893E+00     1.28750E+02    -3.08477E+01
    1.00000E-04     1.58489E+00     1.27428E+02    -2.47574E+01
    1.00000E-04     1.99526E+00     1.26559E+02    -1.98006E+01
    1.00000E-04     2.51189E+00     1.25994E+02    -1.57986E+01
    1.00000E-04     3.16228E+00     1.25632E+02    -1.25855E+01
    1.00000E-04     3.98107E+00     1.25401E+02    -1.00154E+01
    1.00000E-04     5.01187E+00     1.25254E+02    -7.96490E+00
    1.00000E-04     6.30957E+00     1.25160E+02    -6.33146E+00
    1.00000E-04     7.94328E+00     1.25101E+02    -5.03163E+00
    1.00000E-04     1.00000E+01     1.25064E+02    -3.99796E+00
    1.00000E-04     1.25893E+01     1.25040E+02    -3.17629E+00
    1.00000E-04     1.58489E+01     1.25025E+02    -2.52332E+00
    1.00000E-04     1.99526E+01     1.25016E+02    -2.00449E+00
    1.00000E-04     2.51189E+01     1.25010E+02    -1.59230E+00
    1.00000E-04     3.16228E+01     1.25006E+02    -1.26485E+00
    1.00000E-04     3.98107E+01     1.25004E+02    -1.00472E+00
    1.00000E-04     5.01187E+01     1.25003E+02    -7.98089E-01
    1.00000E-04     6.30957E+01     1.25002E+02    -6.33949E-01
    1.00000E-04     7.94328E+01     1.25001E+02    -5.03566E-01
    1.00000E-04     1.00000E+02     1.25001E+02    -3.99998E-01
    1.00000E-04     1.25893E+02     1.25000E+02    -3.17730E-01
    1.00000E-04     1.58489E+02     1.25000E+02    -2.52382E-01
    1.00000E-04     1.99526E+02     1.25000E+02    -2.00475E-01
    1.00000E-04     2.51189E+02     1.25000E+02    -1.59243E-01
    1.00000E-04     3.16228E+02     1.25000E+02    -1.26491E-01
    1.00000E-04     3.98107E+02     1.25000E+02    -1.00475E-01
    1.00000E-04     5.01187E+02     1.25000E+02    -7.98105E-02
    1.00000E-04     6.30957E+02     1.25000E+02    -6.33957E-02
    1.00000E-04     7.94328E+02     1.25000E+02    -5.03570E-02
    1.00000E-04     1.00000E+03     1.25000E+02    -4.00000E-02
    1.00000E-04     1.25893E+03     1.25000E+02    -3.17731E-02
    1.00000E-04     1.58489E+03     1.25000E+02    -2.52383E-02
    1.00000E-04     1.99526E+03     1.25000E+02    -2.00475E-02
    1.00000E-04     2.51189E+03     1.25000E+02    -1.59243E-02
    1.00000E-04     3.16228E+03     1.25000E+02    -1.26491E-02
    1.00000E-04     3.98107E+03     1.25000E+02    -1.00475E-02
    1.00000E-04     5.01187E+03     1.25000E+02    -7.98105E-03
    1.00000E-04     6.30957E+03     1.25000E+02    -6.33957E-03
    1.00000E-04     7.94328E+03     1.25000E+02    -5.03570E-03
    1.00000E-04     1.00000E+04     1.25000E+02    -4.00000E-03
    1.00000E-04     1.25893E+04     1.25000E+02    -3.17731E-03
    1.00000E-04     1.58489E+04     1.25000E+02    -2.52383E-03
    1.00000E-04     1.99526E+04     1.25000E+02    -2.00475E-03
    1.00000E-04     2.51189E+04     1.25000E+02    -1.59243E-03
    1.00000E-04     3.16228E+04     1.25000E+02    -1.26491E-03
    1.00000E-04     3.98107E+04     1.25000E+02    -1.00475E-03
    1.00000E-04     5.01187E+04     1.25000E+02    -7.98105E-04
    1.00000E-04     6.30957E+04     1.25000E+02    -6.33957E-04
    1.00000E-04     7.94328E+04     1.25000E+02    -5.03570E-04
    1.00000E-04     1.00000E+05     1.25000E+02    -4.00000E-04
    1.00000E-05     1.00000E-05     3.31342E+04    -1.02200E+05
    1.00000E-05     1.25893E-05     3.30136E+04    -8.21867E+04
    1.00000E-05     1.58489E-05     3.28253E+04    -6.65328E+04
    1.00000E-05     1.99526E-05     3.25338E+04    -5.43876E+04
    1.00000E-05     2.51189E-05     3.20884E+04    -4.50731E+04
    1.00000E-05     3.16228E-05     3.14214E+04    -3.80371E+04
    1.00000E-05     3.98107E-05     3.04518E+04    -3.28091E+04
    1.00000E-05     5.01187E-05     2.91011E+04    -2.89605E+04
    1.00000E-05     6.30957E-05     2.73260E+04    -2.60788E+04
    1.00000E-05     7.94328E-05     2.51615E+04    -2.37737E+04
    1.00000E-05     1.00000E-04     2.27433E+04    -2.17231E+04
    1.00000E-05     1.25893E-04     2.02781E+04    -1.97341E+04
    1.00000E-05     1.58489E-04     1.79626E+04    -1.77625E+04
    1.00000E-05     1.99526E-04     1.59102E+04    -1.58642E+04
    1.00000E-05     2.51189E-04     1.41359E+04    -1.41142E+04
    1.00000E-05     3.16228E-04     1.25959E+04    -1.25513E+04
    1.00000E-05     3.98107E-04     1.12378E+04    -1.11710E+04
    1.00000E-05     5.01187E-04     1.00271E+04    -9.94789E+03
    1.00000E-05     6.30957E-04     8.94621E+03    -8.85800E+03
    1.00000E-05     7.94328E-04     7.98331E+03    -7.88484E+03
    1.00000E-05     1.00000E-03     7.12652E+03    -7.01605E+03
    1.00000E-05     1.25893E-03     6.36438E+03    -6.24042E+03
    1.00000E-05     1.58489E-03     5.68672E+03    -5.54764E+03
    1.00000E-05     1.99526E-03     5.08456E+03    -4.92852E+03
    1.00000E-05     2.51189E-03     4.54994E+03    -4.37486E+03
    1.00000E-05     3.16228E-03     4.07577E+03    -3.87936E+03
    1.00000E-05     3.98107E-03     3.65581E+03    -3.43547E+03
    1.00000E-05     5.01187E-03     3.28453E+03    -3.03737E+03
    1.00000E-05     6.30957E-03     2.95705E+03    -2.67986E+03
    1.00000E-05     7.94328E-03     2.66911E+03    -2.35832E+03
    1.00000E-05     1.00000E-02     2.41701E+03    -2.06868E+03
    1.00000E-05     1.25893E-02     2.19750E+03    -1.80735E+03
    1.00000E-05     1.58489E-02     2.00782E+03    -1.57125E+03
    1.00000E-05     1.99526E-02     1.84557E+03    -1.35781E+03
    1.00000E-05     2.51189E-02     1.70869E+03    -1.16495E+03
    1.00000E-05     3.16228E-02     1.59526E+03    -9.91145E+02
    1.00000E-05     3.98107E-02     1.50345E+03    -8.35376E+02
    1.00000E-05     5.01187E-02     1.43122E+03    -6.97051E+02
    1.00000E-05     6.30957E-02     1.37624E+03    -5.75804E+02
    1.00000E-05     7.94328E-02     1.33586E+03    -4.71203E+02
    1.00000E-05     1.00000E-01     1.30721E+03    -3.82494E+02
    1.00000E-05     1.25893E-01     1.28750E+03    -3.08477E+02
    1.00000E-05     1.58489E-01     1.27428E+03    -2.47574E+02
    1.00000E-05     1.99526E-01     1.26559E+03    -1.98006E+02
    1.00000E-05     2.51189E-01     1.25994E+03    -1.57986E+02
    1.00000E-05     3.16228E-01     1.25632E+03    -1.25855E+02
    1.00000E-05     3.98107E-01     1.25401E+03    -1.00154E+02
    1.00000E-05     5.01187E-01     1.25254E+03    -7.96490E+01
    1.00000E-05     6.30957E-01     1.25160E+03    -6.33146E+01
    1.00000E-05     7.94328E-01     1.25101E+03    -5.03163E+01
    1.00000E-05     1.00000E+00     1.25064E+03    -3.99796E+01
    1.00000E-05     1.25893E+00     1.25040E+03    -3.17629E+01
    1.00000E-05     1.58489E+00     1.25025E+03    -2.52332E+01
    1.00000E-05     1.99526E+00     1.25016E+03    -2.00449E+01
    1.00000E-05     2.51189E+00     1.25010E+03    -1.59230E+01
    1.00000E-05     3.16228E+00     1.25006E+03    -1.26485E+01
    1.00000E-05     3.98107E+00     1.25004E+03    -1.00472E+01
    1.00000E-05     5.01187E+00     1.25003E+03    -7.98089E+00
    1.00000E-05     6.30957E+00     1.25002E+03    -6.33949E+00
    1.00000E-05     7.94328E+00     1.25001E+03    -5.03566E+00
    1.00000E-05     1.00000E+01     1.25001E+03    -3.99998E+00
    1.00000E-05     1.25893E+01     1.25000E+03    -3.17730E+00
    1.00000E-05     1.58489E+01     1.25000E+03    -2.52382E+00
    1.00000E-05     1.99526E+01     1.25000E+03    -2.00475E+00
    1.00000E-05     2.51189E+01     1.25000E+03    -1.59243E+00
    1.00000E-05     3.16228E+01     1.25000E+03    -1.26491E+00
    1.00000E-05     3.98107E+01     1.25000E+03    -1.00475E+00
    1.00000E-05     5.01187E+01     1.25000E+03    -7.98105E-01
    1.00000E-05     6.30957E+01     1.25000E+03    -6.33957E-01
    1.00000E-05     7.94328E+01     1.25000E+03    -5.03570E-01
    1.00000E-05     1.00000E+02     1.25000E+03    -4.00000E-01
    1.00000E-05     1.25893E+02     1.25000E+03    -3.17731E-01
    1.00000E-05     1.58489E+02     1.25000E+03    -2.52383E-01
    1.00000E-05     1.99526E+02     1.25000E+03    -2.00475E-01
    1.00000E-05     2.51189E+02     1.25000E+03    -1.59243E-01
    1.00000E-05     3.16228E+02     1.25000E+03    -1.26491E-01
    1.00000E-05     3.98107E+02     1.25000E+03    -1.00475E-01
    1.00000E-05     5.01187E+02     1.25000E+03    -7.98105E-02
    1.00000E-05     6.30957E+02     1.25000E+03    -6.33957E-02
    1.00000E-05     7.94328E+02     1.25000E+03    -5.03570E-02
    1.00000E-05     1.00000E+03     1.25000E+03    -4.00000E-02
    1.00000E-05     1.25893E+03     1.25000E+03    -3.17731E-02
    1.00000E-05     1.58489E+03     1.25000E+03    -2.52383E-02
    1.00000E-05     1.99526E+03     1.25000E+03    -2.00475E-02
    1.00000E-05     2.51189E+03     1.25000E+03    -1.59243E-02
    1.00000E-05     3.16228E+03     1.25000E+03    -1.26491E-02
    1.00000E-05     3.98107E+03     1.25000E+03    -1.00475E-02
    1.00000E-05     5.01187E+03     1.25000E+03    -7.98105E-03
    1.00000E-05     6.30957E+03     1.25000E+03    -6.33957E-03
    1.00000E-05     7.94328E+03     1.25000E+03    -5.03570E-03
    1.00000E-05     1.00000E+04     1.25000E+03    -4.00000E-03
    1.00000E-05     1.25893E+04     1.25000E+03    -3.17731E-03
    1.00000E-05     1.58489E+04     1.25000E+03    -2.52383E-03
    1.00000E-05     1.99526E+04     1.25000E+03    -2.00475E-03
    1.00000E-05     2.51189E+04     1.25000E+03    -1.59243E-03
    1.00000E-05     3.16228E+04     1.25000E+03    -1.26491E-03
    1.00000E-05     3.98107E+04     1.25000E+03    -1.00475E-03
    1.00000E-05     5.01187E+04     1.25000E+03    -7.98105E-04
    1.00000E-05     6.30957E+04     1.25000E+03    -6.33957E-04
    1.00000E-05     7.94328E+04     1.25000E+03    -5.03570E-04
    1.00000E-05     1.00000E+05     1.25000E+03    -4.00000E-04
    1.00000E-06     1.00000E-05     2.27433E+05    -2.17231E+05
    1.00000E-06     1.25893E-05     2.02781E+05    -1.97341E+05
    1.00000E-06     1.58489E-05     1.79626E+05    -1.77625E+05
    1.00000E-06     1.99526E-05     1.59102E+05    -1.58642E+05
    1.00000E-06     2.51189E-05     1.41359E+05    -1.41142E+05
    1.00000E-06     3.16228E-05     1.25959E+05    -1.25513E+05
    1.00000E-06     3.98107E-05     1.12378E+05    -1.11710E+05
    1.00000E-06     5.01187E-05     1.00271E+05    -9.94789E+04
    1.00000E-06     6.30957E-05     8.94621E+04    -8.85800E+04
    1.00000E-06     7.94328E-05     7.98331E+04    -7.88484E+04
    1.00000E-06     1.00000E-04     7.12652E+04    -7.01605E+04
    1.00000E-06     1.25893E-04     6.36438E+04    -6.24042E+04
    1.00000E-06     1.58489E-04     5.68672E+04    -5.54764E+04
    1.00000E-06     1.99526E-04     5.08456E+04    -4.92852E+04
    1.00000E-06     2.51189E-04     4.54994E+04    -4.37486E+04
    1.00000E-06     3.16228E-04     4.07577E+04    -3.87936E+04
    1.00000E-06     3.98107E-04     3.65581E+04    -3.43547E+04
    1.00000E-06     5.01187E-04     3.28453E+04    -3.03737E+04
    1.00000E-06     6.30957E-04     2.95705E+04    -2.67986E+04
    1.00000E-06     7.94328E-04     2.66911E+04    -2.35832E+04
    1.00000E-06     1.00000E-03     2.41701E+04    -2.06868E+04
    1.00000E-06     1.25893E-03     2.19750E+04    -1.80735E+04
    1.00000E-06     1.58489E-03     2.00782E+04    -1.57125E+04
    1.00000E-06     1.99526E-03     1.84557E+04    -1.35781E+04
    1.00000E-06     2.51189E-03     1.70869E+04    -1.16495E+04
    1.00000E-06     3.16228E-03     1.59526E+04    -9.91145E+03
    1.00000E-06     3.98107E-03     1.50345E+04    -8.35376E+03
    1.00000E-06     5.01187E-03     1.43122E+04    -6.97051E+03
    1.00000E-06     6.30957E-03     1.37624E+04    -5.75804E+03
    1.00000E-06     7.94328E-03     1.33586E+04    -4.71203E+03
    1.00000E-06     1.00000E-02     1.30721E+04    -3.82494E+03
    1.00000E-06     1.25893E-02     1.28750E+04    -3.08477E+03
    1.00000E-06     1.58489E-02     1.27428E+04    -2.47574E+03
    1.00000E-06     1.99526E-02     1.26559E+04    -1.98006E+03
    1.00000E-06     2.51189E-02     1.25994E+04    -1.57986E+03
    1.00000E-06     3.16228E-02     1.25632E+04    -1.25855E+03
    1.00000E-06     3.98107E-02     1.25401E+04    -1.00154E+03
    1.00000E-06     5.01187E-02     1.25254E+04    -7.96490E+02
    1.00000E-06     6.30957E-02     1.25160E+04    -6.33146E+02
    1.00000E-06     7.94328E-02     1.25101E+04    -5.03163E+02
    1.00000E-06     1.00000E-01     1.25064E+04    -3.99796E+02
    1.00000E-06     1.25893E-01     1.25040E+04    -3.17629E+02
    1.00000E-06     1.58489E-01     1.25025E+04    -2.52332E+02
    1.00000E-06     1.99526E-01     1.25016E+04    -2.00449E+02
    1.00000E-06     2.51189E-01     1.25010E+04    -1.59230E+02
    1.00000E-06     3.16228E-01     1.25006E+04    -1.26485E+02
    1.00000E-06     3.98107E-01     1.25004E+04    -1.00472E+02
    1.00000E-06     5.01187E-01     1.25003E+04    -7.98089E+01
    1.00000E-06     6.30957E-01     1.25002E+04    -6.33949E+01
    1.00000E-06     7.94328E-01     1.25001E+04    -5.03566E+01
    1.00000E-06     1.00000E+00     1.25001E+04    -3.99998E+01
    1.00000E-06     1.25893E+00     1.25000E+04    -3.17730E+01
    1.00000E-06     1.58489E+00     1.25000E+04    -2.52382E+01
    1.00000E-06     1.99526E+00     1.25000E+04    -2.00475E+01
    1.00000E-06     2.51189E+00     1.25000E+04    -1.59243E+01
    1.00000E-06     3.16228E+00     1.25000E+04    -1.26491E+01
    1.00000E-06     3.98107E+00     1.25000E+04    -1.00475E+01
    1.00000E-06     5.01187E+00     1.25000E+04    -7.98105E+00
    1.00000E-06     6.30957E+00     1.25000E+04    -6.33957E+00
    1.00000E-06     7.94328E+00     1.25000E+04    -5.03570E+00
    1.00000E-06     1.00000E+01     1.25000E+04    -4.00000E+00
    1.00000E-06     1.25893E+01     1.25000E+04    -3.17731E+00
    1.00000E-06     1.58489E+01     1.25000E+04    -2.52383E+00
    1.00000E-06     1.99526E+01     1.25000E+04    -2.00475E+00
    1.00000E-06     2.51189E+01     1.25000E+04    -1.59243E+00
    1.00000E-06     3.16228E+01     1.25000E+04    -1.26491E+00
    1.00000E-06     3.98107E+01     1.25000E+04    -1.00475E+00
    1.00000E-06     5.01187E+01     1.25000E+04    -7.98105E-01
    1.00000E-06     6.30957E+01     1.25000E+04    -6.33957E-01
    1.00000E-06     7.94328E+01     1.25000E+04    -5.03570E-01
    1.00000E-06     1.00000E+02     1.25000E+04    -4.00000E-01
    1.00000E-06     1.25893E+02     1.25000E+04    -3.17731E-01
    1.00000E-06     1.58489E+02     1.25000E+04    -2.52383E-01
    1.00000E-06     1.99526E+02     1.25000E+04    -2.00475E-01
    1.00000E-06     2.51189E+02     1.25000E+04    -1.59243E-01
    1.00000E-06     3.16228E+02     1.25000E+04    -1.26491E-01
    1.00000E-06     3.98107E+02     1.25000E+04    -1.00475E-01
    1.00000E-06     5.01187E+02     1.25000E+04    -7.98105E-02
    1.00000E-06     6.30957E+02     1.25000E+04    -6.33957E-02
    1.00000E-06     7.94328E+02     1.25000E+04    -5.03570E-02
    1.00000E-06     1.00000E+03     1.25000E+04    -4.00000E-02
    1.00000E-06     1.25893E+03     1.25000E+04    -3.17731E-02
    1.00000E-06     1.58489E+03     1.25000E+04    -2.52383E-02
    1.00000E-06     1.99526E+03     1.25000E+04    -2.00475E-02
    1.00000E-06     2.51189E+03     1.25000E+04    -1.59243E-02
    1.00000E-06     3.16228E+03     1.25000E+04    -1.26491E-02
    1.00000E-06     3.98107E+03     1.25000E+04    -1.00475E-02
    1.00000E-06     5.01187E+03     1.25000E+04    -7.98105E-03
    1.00000E-06     6.30957E+03     1.25000E+04    -6.33957E-03
    1.00000E-06     7.94328E+03     1.25000E+04    -5.03570E-03
    1.00000E-06     1.00000E+04     1.25000E+04    -4.00000E-03
    1.00000E-06     1.25893E+04     1.25000E+04    -3.17731E-03
    1.00000E-06     1.58489E+04     1.25000E+04    -2.52383E-03
    1.00000E-06     1.99526E+04     1.25000E+04    -2.00475E-03
    1.00000E-06     2.51189E+04     1.25000E+04    -1.59243E-03
    1.00000E-06     3.16228E+04     1.25000E+04    -1.26491E-03
    1.00000E-06     3.98107E+04     1.25000E+04    -1.00475E-03
    1.00000E-06     5.01187E+04     1.25000E+04    -7.98105E-04
    1.00000E-06     6.30957E+04     1.25000E+04    -6.33957E-04
    1.00000E-06     7.94328E+04     1.25000E+04    -5.03570E-04
    1.00000E-06     1.00000E+05     1.25000E+04    -4.00000E-04
