      Diff_Coef       Frequency         Real(c)         Imag(c)
          cm2/s              Hz                                
    1.00000E-01     1.00000E-05     5.00000E+00    -4.16406E-05
    1.00000E-01     1.25893E-05     5.00000E+00    -5.24224E-05
    1.00000E-01     1.58489E-05     5.00000E+00    -6.59959E-05
    1.00000E-01     1.99526E-05     5.00000E+00    -8.30840E-05
    1.00000E-01     2.51189E-05     5.00000E+00    -1.04597E-04
    1.00000E-01     3.16228E-05     5.00000E+00    -1.31679E-04
    1.00000E-01     3.98107E-05     5.00000E+00    -1.65774E-04
    1.00000E-01     5.01187E-05     5.00000E+00    -2.08697E-04
    1.00000E-01     6.30957E-05     5.00000E+00    -2.62735E-04
    1.00000E-01     7.94328E-05     5.00000E+00    -3.30763E-04
    1.00000E-01     1.00000E-04     5.00000E+00    -4.16406E-04
    1.00000E-01     1.25893E-04     5.00000E+00    -5.24224E-04
    1.00000E-01     1.58489E-04     5.00000E+00    -6.59959E-04
    1.00000E-01     1.99526E-04     5.00000E+00    -8.30840E-04
    1.00000E-01     2.51189E-04     5.00000E+00    -1.04597E-03
    1.00000E-01     3.16228E-04     5.00000E+00    -1.31679E-03
    1.00000E-01     3.98107E-04     5.00000E+00    -1.65774E-03
    1.00000E-01     5.01187E-04     5.00000E+00    -2.08697E-03
    1.00000E-01     6.30957E-04     5.00000E+00    -2.62734E-03
    1.00000E-01     7.94328E-04     5.00000E+00    -3.30763E-03
    1.00000E-01     1.00000E-03     5.00000E+00    -4.16406E-03
    1.00000E-01     1.25893E-03     4.99999E+00    -5.24224E-03
    1.00000E-01     1.58489E-03     4.99999E+00    -6.59958E-03
    1.00000E-01     1.99526E-03     4.99998E+00    -8.30836E-03
    1.00000E-01     2.51189E-03     4.99997E+00    -1.04596E-02
    1.00000E-01     3.16228E-03     4.99996E+00    -1.31678E-02
    1.00000E-01     3.98107E-03     4.99993E+00    -1.65772E-02
    1.00000E-01     5.01187E-03     4.99990E+00    -2.08692E-02
    1.00000E-01     6.30957E-03     4.99983E+00    -2.62724E-02
    1.00000E-01     7.94328E-03     4.99974E+00    -3.30742E-02
    1.00000E-01     1.00000E-02     4.99958E+00    -4.16364E-02
    1.00000E-01     1.25893E-02     4.99934E+00    -5.24140E-02
    1.00000E-01     1.58489E-02     4.99895E+00    -6.59792E-02
    1.00000E-01     1.99526E-02     4.99834E+00    -8.30505E-02
    1.00000E-01     2.51189E-02     4.99737E+00    -1.04530E-01
    1.00000E-01     3.16228E-02     4.99584E+00    -1.31546E-01
    1.00000E-01     3.98107E-02     4.99341E+00    -1.65509E-01
    1.00000E-01     5.01187E-02     4.98956E+00    -2.08168E-01
    1.00000E-01     6.30957E-02     4.98348E+00    -2.61679E-01
    1.00000E-01     7.94328E-02     4.97388E+00    -3.28663E-01
    1.00000E-01     1.00000E-01     4.95876E+00    -4.12231E-01
    1.00000E-01     1.25893E-01     4.93502E+00    -5.15942E-01
    1.00000E-01     1.58489E-01     4.89797E+00    -6.43588E-01
    1.00000E-01     1.99526E-01     4.84063E+00    -7.98648E-01
    1.00000E-01     2.51189E-01     4.75309E+00    -9.83178E-01
    1.00000E-01     3.16228E-01     4.62211E+00    -1.19582E+00
    1.00000E-01     3.98107E-01     4.43199E+00    -1.42885E+00
    1.00000E-01     5.01187E-01     4.16781E+00    -1.66485E+00
    1.00000E-01     6.30957E-01     3.82214E+00    -1.87532E+00
    1.00000E-01     7.94328E-01     3.40367E+00    -2.02492E+00
    1.00000E-01     1.00000E+00     2.94210E+00    -2.08328E+00
    1.00000E-01     1.25893E+00     2.48213E+00    -2.03956E+00
    1.00000E-01     1.58489E+00     2.06714E+00    -1.90852E+00
    1.00000E-01     1.99526E+00     1.72370E+00    -1.72280E+00
    1.00000E-01     2.51189E+00     1.45701E+00    -1.51804E+00
    1.00000E-01     3.16228E+00     1.25667E+00    -1.32154E+00
    1.00000E-01     3.98107E+00     1.10546E+00    -1.14858E+00
    1.00000E-01     5.01187E+00     9.86230E-01    -1.00384E+00
    1.00000E-01     6.30957E+00     8.85598E-01    -8.84851E-01
    1.00000E-01     7.94328E+00     7.95459E-01    -7.85615E-01
    1.00000E-01     1.00000E+01     7.12612E-01    -6.99938E-01
    1.00000E-01     1.25893E+01     6.36897E-01    -6.23621E-01
    1.00000E-01     1.58489E+01     5.68876E-01    -5.54808E-01
    1.00000E-01     1.99526E+01     5.08474E-01    -4.92911E-01
    1.00000E-01     2.51189E+01     4.54981E-01    -4.37496E-01
    1.00000E-01     3.16228E+01     4.07575E-01    -3.87934E-01
    1.00000E-01     3.98107E+01     3.65581E-01    -3.43547E-01
    1.00000E-01     5.01187E+01     3.28453E-01    -3.03737E-01
    1.00000E-01     6.30957E+01     2.95705E-01    -2.67986E-01
    1.00000E-01     7.94328E+01     2.66911E-01    -2.35832E-01
    1.00000E-01     1.00000E+02     2.41701E-01    -2.06868E-01
    1.00000E-01     1.25893E+02     2.19750E-01    -1.80735E-01
    1.00000E-01     1.58489E+02     2.00782E-01    -1.57125E-01
    1.00000E-01     1.99526E+02     1.84557E-01    -1.35781E-01
    1.00000E-01     2.51189E+02     1.70869E-01    -1.16495E-01
    1.00000E-01     3.16228E+02     1.59526E-01    -9.91145E-02
    1.00000E-01     3.98107E+02     1.50345E-01    -8.35376E-02
    1.00000E-01     5.01187E+02     1.43122E-01    -6.97051E-02
    1.00000E-01     6.30957E+02     1.37624E-01    -5.75804E-02
    1.00000E-01     7.94328E+02     1.33586E-01    -4.71203E-02
    1.00000E-01     1.00000E+03     1.30721E-01    -3.82494E-02
    1.00000E-01     1.25893E+03     1.28750E-01    -3.08477E-02
    1.00000E-01     1.58489E+03     1.27428E-01    -2.47574E-02
    1.00000E-01     1.99526E+03     1.26559E-01    -1.98006E-02
    1.00000E-01     2.51189E+03     1.25994E-01    -1.57986E-02
    1.00000E-01     3.16228E+03     1.25632E-01    -1.25855E-02
    1.00000E-01     3.98107E+03     1.25401E-01    -1.00154E-02
    1.00000E-01     5.01187E+03     1.25254E-01    -7.96490E-03
    1.00000E-01     6.30957E+03     1.25160E-01    -6.33146E-03
    1.00000E-01     7.94328E+03     1.25101E-01    -5.03163E-03
    1.00000E-01     1.00000E+04     1.25064E-01    -3.99796E-03
    1.00000E-01     1.25893E+04     1.25040E-01    -3.17629E-03
    1.00000E-01     1.58489E+04     1.25025E-01    -2.52332E-03
    1.00000E-01     1.99526E+04     1.25016E-01    -2.00449E-03
    1.00000E-01     2.51189E+04     1.25010E-01    -1.59230E-03
    1.00000E-01     3.16228E+04     1.25006E-01    -1.26485E-03
    1.00000E-01     3.98107E+04     1.25004E-01    -1.00472E-03
    1.00000E-01     5.01187E+04     1.25003E-01    -7.98089E-04
    1.00000E-01     6.30957E+04     1.25002E-01    -6.33949E-04
    1.00000E-01     7.94328E+04     1.25001E-01    -5.03566E-04
    1.00000E-01     1.00000E+05     1.25001E-01    -3.99998E-04
    1.00000E-02     1.00000E-05     5.00000E+01    -4.16406E-03
    1.00000E-02     1.25893E-05     5.00000E+01    -5.24224E-03
    1.00000E-02     1.58489E-05     5.00000E+01    -6.59959E-03
    1.00000E-02     1.99526E-05     5.00000E+01    -8.30840E-03
    1.00000E-02     2.51189E-05     5.00000E+01    -1.04597E-02
    1.00000E-02     3.16228E-05     5.00000E+01    -1.31679E-02
    1.00000E-02     3.98107E-05     5.00000E+01    -1.65774E-02
    1.00000E-02     5.01187E-05     5.00000E+01    -2.08697E-02
    1.00000E-02     6.30957E-05     5.00000E+01    -2.62734E-02
    1.00000E-02     7.94328E-05     5.00000E+01    -3.30763E-02
    1.00000E-02     1.00000E-04     5.00000E+01    -4.16406E-02
    1.00000E-02     1.25893E-04     4.99999E+01    -5.24224E-02
    1.00000E-02     1.58489E-04     4.99999E+01    -6.59958E-02
    1.00000E-02     1.99526E-04     4.99998E+01    -8.30836E-02
    1.00000E-02     2.51189E-04     4.99997E+01    -1.04596E-01
    1.00000E-02     3.16228E-04     4.99996E+01    -1.31678E-01
    1.00000E-02     3.98107E-04     4.99993E+01    -1.65772E-01
    1.00000E-02     5.01187E-04     4.99990E+01    -2.08692E-01
    1.00000E-02     6.30957E-04     4.99983E+01    -2.62724E-01
    1.00000E-02     7.94328E-04     4.99974E+01    -3.30742E-01
    1.00000E-02     1.00000E-03     4.99958E+01    -4.16364E-01
    1.00000E-02     1.25893E-03     4.99934E+01    -5.24140E-01
    1.00000E-02     1.58489E-03     4.99895E+01    -6.59792E-01
    1.00000E-02     1.99526E-03     4.99834E+01    -8.30505E-01
    1.00000E-02     2.51189E-03     4.99737E+01    -1.04530E+00
    1.00000E-02     3.16228E-03     4.99584E+01    -1.31546E+00
    1.00000E-02     3.98107E-03     4.99341E+01    -1.65509E+00
    1.00000E-02     5.01187E-03     4.98956E+01    -2.08168E+00
    1.00000E-02     6.30957E-03     4.98348E+01    -2.61679E+00
    1.00000E-02     7.94328E-03     4.97388E+01    -3.28663E+00
    1.00000E-02     1.00000E-02     4.95876E+01    -4.12231E+00
    1.00000E-02     1.25893E-02     4.93502E+01    -5.15942E+00
    1.00000E-02     1.58489E-02     4.89797E+01    -6.43588E+00
    1.00000E-02     1.99526E-02     4.84063E+01    -7.98648E+00
    1.00000E-02     2.51189E-02     4.75309E+01    -9.83178E+00
    1.00000E-02     3.16228E-02     4.62211E+01    -1.19582E+01
    1.00000E-02     3.98107E-02     4.43199E+01    -1.42885E+01
    1.00000E-02     5.01187E-02     4.16781E+01    -1.66485E+01
    1.00000E-02     6.30957E-02     3.82214E+01    -1.87532E+01
    1.00000E-02     7.94328E-02     3.40367E+01    -2.02492E+01
    1.00000E-02     1.00000E-01     2.94210E+01    -2.08328E+01
    1.00000E-02     1.25893E-01     2.48213E+01    -2.03956E+01
    1.00000E-02     1.58489E-01     2.06714E+01    -1.90852E+01
    1.00000E-02     1.99526E-01     1.72370E+01    -1.72280E+01
    1.00000E-02     2.51189E-01     1.45701E+01    -1.51804E+01
    1.00000E-02     3.16228E-01     1.25667E+01    -1.32154E+01
    1.00000E-02     3.98107E-01     1.10546E+01    -1.14858E+01
    1.00000E-02     5.01187E-01     9.86230E+00    -1.00384E+01
    1.00000E-02     6.30957E-01     8.85598E+00    -8.84851E+00
    1.00000E-02     7.94328E-01     7.95459E+00    -7.85615E+00
    1.00000E-02     1.00000E+00     7.12612E+00    -6.99938E+00
    1.00000E-02     1.25893E+00     6.36897E+00    -6.23621E+00
    1.00000E-02     1.58489E+00     5.68876E+00    -5.54808E+00
    1.00000E-02     1.99526E+00     5.08474E+00    -4.92911E+00
    1.00000E-02     2.51189E+00     4.54981E+00    -4.37496E+00
    1.00000E-02     3.16228E+00     4.07575E+00    -3.87934E+00
    1.00000E-02     3.98107E+00     3.65581E+00    -3.43547E+00
    1.00000E-02     5.01187E+00     3.28453E+00    -3.03737E+00
    1.00000E-02     6.30957E+00     2.95705E+00    -2.67986E+00
    1.00000E-02     7.94328E+00     2.66911E+00    -2.35832E+00
    1.00000E-02     1.00000E+01     2.41701E+00    -2.06868E+00
    1.00000E-02     1.25893E+01     2.19750E+00    -1.80735E+00
    1.00000E-02     1.58489E+01     2.00782E+00    -1.57125E+00
    1.00000E-02     1.99526E+01     1.84557E+00    -1.35781E+00
    1.00000E-02     2.51189E+01     1.70869E+00    -1.16495E+00
    1.00000E-02     3.16228E+01     1.59526E+00    -9.91145E-01
    1.00000E-02     3.98107E+01     1.50345E+00    -8.35376E-01
    1.00000E-02     5.01187E+01     1.43122E+00    -6.97051E-01
    1.00000E-02     6.30957E+01     1.37624E+00    -5.75804E-01
    1.00000E-02     7.94328E+01     1.33586E+00    -4.71203E-01
    1.00000E-02     1.00000E+02     1.30721E+00    -3.82494E-01
    1.00000E-02     1.25893E+02     1.28750E+00    -3.08477E-01
    1.00000E-02     1.58489E+02     1.27428E+00    -2.47574E-01
    1.00000E-02     1.99526E+02     1.26559E+00    -1.98006E-01
    1.00000E-02     2.51189E+02     1.25994E+00    -1.57986E-01
    1.00000E-02     3.16228E+02     1.25632E+00    -1.25855E-01
    1.00000E-02     3.98107E+02     1.25401E+00    -1.00154E-01
    1.00000E-02     5.01187E+02     1.25254E+00    -7.96490E-02
    1.00000E-02     6.30957E+02     1.25160E+00    -6.33146E-02
    1.00000E-02     7.94328E+02     1.25101E+00    -5.03163E-02
    1.00000E-02     1.00000E+03     1.25064E+00    -3.99796E-02
    1.00000E-02     1.25893E+03     1.25040E+00    -3.17629E-02
    1.00000E-02     1.58489E+03     1.25025E+00    -2.52332E-02
    1.00000E-02     1.99526E+03     1.25016E+00    -2.00449E-02
    1.00000E-02     2.51189E+03     1.25010E+00    -1.59230E-02
    1.00000E-02     3.16228E+03     1.25006E+00    -1.26485E-02
    1.00000E-02     3.98107E+03     1.25004E+00    -1.00472E-02
    1.00000E-02     5.01187E+03     1.25003E+00    -7.98089E-03
    1.00000E-02     6.30957E+03     1.25002E+00    -6.33949E-03
    1.00000E-02     7.94328E+03     1.25001E+00    -5.03566E-03
    1.00000E-02     1.00000E+04     1.25001E+00    -3.99998E-03
    1.00000E-02     1.25893E+04     1.25000E+00    -3.17730E-03
    1.00000E-02     1.58489E+04     1.25000E+00    -2.52382E-03
    1.00000E-02     1.99526E+04     1.25000E+00    -2.00475E-03
    1.00000E-02     2.51189E+04     1.25000E+00    -1.59243E-03
    1.00000E-02     3.16228E+04     1.25000E+00    -1.26491E-03
    1.00000E-02     3.98107E+04     1.25000E+00    -1.00475E-03
    1.00000E-02     5.01187E+04     1.25000E+00    -7.98105E-04
    1.00000E-02     6.30957E+04     1.25000E+00    -6.33957E-04
    1.00000E-02     7.94328E+04     1.25000E+00    -5.03570E-04
    1.00000E-02     1.00000E+05     1.25000E+00    -4.00000E-04
    1.00000E-03     1.00000E-05     5.00000E+02    -4.16406E-01
    1.00000E-03     1.25893E-05     4.99999E+02    -5.24224E-01
    1.00000E-03     1.58489E-05     4.99999E+02    -6.59958E-01
    1.00000E-03     1.99526E-05     4.99998E+02    -8.30836E-01
    1.00000E-03     2.51189E-05     4.99997E+02    -1.04596E+00
    1.00000E-03     3.16228E-05     4.99996E+02    -1.31678E+00
    1.00000E-03     3.98107E-05     4.99993E+02    -1.65772E+00
    1.00000E-03     5.01187E-05     4.99990E+02    -2.08692E+00
    1.00000E-03     6.30957E-05     4.99983E+02    -2.62724E+00
    1.00000E-03     7.94328E-05     4.99974E+02    -3.30742E+00
    1.00000E-03     1.00000E-04     4.99958E+02    -4.16364E+00
    1.00000E-03     1.25893E-04     4.99934E+02    -5.24140E+00
    1.00000E-03     1.58489E-04     4.99895E+02    -6.59792E+00
    1.00000E-03     1.99526E-04     4.99834E+02    -8.30505E+00
    1.00000E-03     2.51189E-04     4.99737E+02    -1.04530E+01
    1.00000E-03     3.16228E-04     4.99584E+02    -1.31546E+01
    1.00000E-03     3.98107E-04     4.99341E+02    -1.65509E+01
    1.00000E-03     5.01187E-04     4.98956E+02    -2.08168E+01
    1.00000E-03     6.30957E-04     4.98348E+02    -2.61679E+01
    1.00000E-03     7.94328E-04     4.97388E+02    -3.28663E+01
    1.00000E-03     1.00000E-03     4.95876E+02    -4.12231E+01
    1.00000E-03     1.25893E-03     4.93502E+02    -5.15942E+01
    1.00000E-03     1.58489E-03     4.89797E+02    -6.43588E+01
    1.00000E-03     1.99526E-03     4.84063E+02    -7.98648E+01
    1.00000E-03     2.51189E-03     4.75309E+02    -9.83178E+01
    1.00000E-03     3.16228E-03     4.62211E+02    -1.19582E+02
    1.00000E-03     3.98107E-03     4.43199E+02    -1.42885E+02
    1.00000E-03     5.01187E-03     4.16781E+02    -1.66485E+02
    1.00000E-03     6.30957E-03     3.82214E+02    -1.87532E+02
    1.00000E-03     7.94328E-03     3.40367E+02    -2.02492E+02
    1.00000E-03     1.00000E-02     2.94210E+02    -2.08328E+02
    1.00000E-03     1.25893E-02     2.48213E+02    -2.03956E+02
    1.00000E-03     1.58489E-02     2.06714E+02    -1.90852E+02
    1.00000E-03     1.99526E-02     1.72370E+02    -1.72280E+02
    1.00000E-03     2.51189E-02     1.45701E+02    -1.51804E+02
    1.00000E-03     3.16228E-02     1.25667E+02    -1.32154E+02
    1.00000E-03     3.98107E-02     1.10546E+02    -1.14858E+02
    1.00000E-03     5.01187E-02     9.86230E+01    -1.00384E+02
    1.00000E-03     6.30957E-02     8.85598E+01    -8.84851E+01
    1.00000E-03     7.94328E-02     7.95459E+01    -7.85615E+01
    1.00000E-03     1.00000E-01     7.12612E+01    -6.99938E+01
    1.00000E-03     1.25893E-01     6.36897E+01    -6.23621E+01
    1.00000E-03     1.58489E-01     5.68876E+01    -5.54808E+01
    1.00000E-03     1.99526E-01     5.08474E+01    -4.92911E+01
    1.00000E-03     2.51189E-01     4.54981E+01    -4.37496E+01
    1.00000E-03     3.16228E-01     4.07575E+01    -3.87934E+01
    1.00000E-03     3.98107E-01     3.65581E+01    -3.43547E+01
    1.00000E-03     5.01187E-01     3.28453E+01    -3.03737E+01
    1.00000E-03     6.30957E-01     2.95705E+01    -2.67986E+01
    1.00000E-03     7.94328E-01     2.66911E+01    -2.35832E+01
    1.00000E-03     1.00000E+00     2.41701E+01    -2.06868E+01
    1.00000E-03     1.25893E+00     2.19750E+01    -1.80735E+01
    1.00000E-03     1.58489E+00     2.00782E+01    -1.57125E+01
    1.00000E-03     1.99526E+00     1.84557E+01    -1.35781E+01
    1.00000E-03     2.51189E+00     1.70869E+01    -1.16495E+01
    1.00000E-03     3.16228E+00     1.59526E+01    -9.91145E+00
    1.00000E-03     3.98107E+00     1.50345E+01    -8.35376E+00
    1.00000E-03     5.01187E+00     1.43122E+01    -6.97051E+00
    1.00000E-03     6.30957E+00     1.37624E+01    -5.75804E+00
    1.00000E-03     7.94328E+00     1.33586E+01    -4.71203E+00
    1.00000E-03     1.00000E+01     1.30721E+01    -3.82494E+00
    1.00000E-03     1.25893E+01     1.28750E+01    -3.08477E+00
    1.00000E-03     1.58489E+01     1.27428E+01    -2.47574E+00
    1.00000E-03     1.99526E+01     1.26559E+01    -1.98006E+00
    1.00000E-03     2.51189E+01     1.25994E+01    -1.57986E+00
    1.00000E-03     3.16228E+01     1.25632E+01    -1.25855E+00
    1.00000E-03     3.98107E+01     1.25401E+01    -1.00154E+00
    1.00000E-03     5.01187E+01     1.25254E+01    -7.96490E-01
    1.00000E-03     6.30957E+01     1.25160E+01    -6.33146E-01
    1.00000E-03     7.94328E+01     1.25101E+01    -5.03163E-01
    1.00000E-03     1.00000E+02     1.25064E+01    -3.99796E-01
    1.00000E-03     1.25893E+02     1.25040E+01    -3.17629E-01
    1.00000E-03     1.58489E+02     1.25025E+01    -2.52332E-01
    1.00000E-03     1.99526E+02     1.25016E+01    -2.00449E-01
    1.00000E-03     2.51189E+02     1.25010E+01    -1.59230E-01
    1.00000E-03     3.16228E+02     1.25006E+01    -1.26485E-01
    1.00000E-03     3.98107E+02     1.25004E+01    -1.00472E-01
    1.00000E-03     5.01187E+02     1.25003E+01    -7.98089E-02
    1.00000E-03     6.30957E+02     1.25002E+01    -6.33949E-02
    1.00000E-03     7.94328E+02     1.25001E+01    -5.03566E-02
    1.00000E-03     1.00000E+03     1.25001E+01    -3.99998E-02
    1.00000E-03     1.25893E+03     1.25000E+01    -3.17730E-02
    1.00000E-03     1.58489E+03     1.25000E+01    -2.52382E-02
    1.00000E-03     1.99526E+03     1.25000E+01    -2.00475E-02
    1.00000E-03     2.51189E+03     1.25000E+01    -1.59243E-02
    1.00000E-03     3.16228E+03     1.25000E+01    -1.26491E-02
    1.00000E-03     3.98107E+03     1.25000E+01    -1.00475E-02
    1.00000E-03     5.01187E+03     1.25000E+01    -7.98105E-03
    1.00000E-03     6.30957E+03     1.25000E+01    -6.33957E-03
    1.00000E-03     7.94328E+03     1.25000E+01    -5.03570E-03
    1.00000E-03     1.00000E+04     1.25000E+01    -4.00000E-03
    1.00000E-03     1.25893E+04     1.25000E+01    -3.17731E-03
    1.00000E-03     1.58489E+04     1.25000E+01    -2.52383E-03
    1.00000E-03     1.99526E+04     1.25000E+01    -2.00475E-03
    1.00000E-03     2.51189E+04     1.25000E+01    -1.59243E-03
    1.00000E-03     3.16228E+04     1.25000E+01    -1.26491E-03
    1.00000E-03     3.98107E+04     1.25000E+01    -1.00475E-03
    1.00000E-03     5.01187E+04     1.25000E+01    -7.98105E-04
    1.00000E-03     6.30957E+04     1.25000E+01    -6.33957E-04
    1.00000E-03     7.94328E+04     1.25000E+01    -5.03570E-04
    1.00000E-03     1.00000E+05     1.25000E+01    -4.00000E-04
    1.00000E-04     1.00000E-05     4.99958E+03    -4.16364E+01
    1.00000E-04     1.25893E-05     4.99934E+03    -5.24140E+01
    1.00000E-04     1.58489E-05     4.99895E+03    -6.59792E+01
    1.00000E-04     1.99526E-05     4.99834E+03    -8.30505E+01
    1.00000E-04     2.51189E-05     4.99737E+03    -1.04530E+02
    1.00000E-04     3.16228E-05     4.99584E+03    -1.31546E+02
    1.00000E-04     3.98107E-05     4.99341E+03    -1.65509E+02
    1.00000E-04     5.01187E-05     4.98956E+03    -2.08168E+02
    1.00000E-04     6.30957E-05     4.98348E+03    -2.61679E+02
    1.00000E-04     7.94328E-05     4.97388E+03    -3.28663E+02
    1.00000E-04     1.00000E-04     4.95876E+03    -4.12231E+02
    1.00000E-04     1.25893E-04     4.93502E+03    -5.15942E+02
    1.00000E-04     1.58489E-04     4.89797E+03    -6.43588E+02
    1.00000E-04     1.99526E-04     4.84063E+03    -7.98648E+02
    1.00000E-04     2.51189E-04     4.75309E+03    -9.83178E+02
    1.00000E-04     3.16228E-04     4.62211E+03    -1.19582E+03
    1.00000E-04     3.98107E-04     4.43199E+03    -1.42885E+03
    1.00000E-04     5.01187E-04     4.16781E+03    -1.66485E+03
    1.00000E-04     6.30957E-04     3.82214E+03    -1.87532E+03
    1.00000E-04     7.94328E-04     3.40367E+03    -2.02492E+03
    1.00000E-04     1.00000E-03     2.94210E+03    -2.08328E+03
    1.00000E-04     1.25893E-03     2.48213E+03    -2.03956E+03
    1.00000E-04     1.58489E-03     2.06714E+03    -1.90852E+03
    1.00000E-04     1.99526E-03     1.72370E+03    -1.72280E+03
    1.00000E-04     2.51189E-03     1.45701E+03    -1.51804E+03
    1.00000E-04     3.16228E-03     1.25667E+03    -1.32154E+03
    1.00000E-04     3.98107E-03     1.10546E+03    -1.14858E+03
    1.00000E-04     5.01187E-03     9.86230E+02    -1.00384E+03
    1.00000E-04     6.30957E-03     8.85598E+02    -8.84851E+02
    1.00000E-04     7.94328E-03     7.95459E+02    -7.85615E+02
    1.00000E-04     1.00000E-02     7.12612E+02    -6.99938E+02
    1.00000E-04     1.25893E-02     6.36897E+02    -6.23621E+02
    1.00000E-04     1.58489E-02     5.68876E+02    -5.54808E+02
    1.00000E-04     1.99526E-02     5.08474E+02    -4.92911E+02
    1.00000E-04     2.51189E-02     4.54981E+02    -4.37496E+02
    1.00000E-04     3.16228E-02     4.07575E+02    -3.87934E+02
    1.00000E-04     3.98107E-02     3.65581E+02    -3.43547E+02
    1.00000E-04     5.01187E-02     3.28453E+02    -3.03737E+02
    1.00000E-04     6.30957E-02     2.95705E+02    -2.67986E+02
    1.00000E-04     7.94328E-02     2.66911E+02    -2.35832E+02
    1.00000E-04     1.00000E-01     2.41701E+02    -2.06868E+02
    1.00000E-04     1.25893E-01     2.19750E+02    -1.80735E+02
    1.00000E-04     1.58489E-01     2.00782E+02    -1.57125E+02
    1.00000E-04     1.99526E-01     1.84557E+02    -1.35781E+02
    1.00000E-04     2.51189E-01     1.70869E+02    -1.16495E+02
    1.00000E-04     3.16228E-01     1.59526E+02    -9.91145E+01
    1.00000E-04     3.98107E-01     1.50345E+02    -8.35376E+01
    1.00000E-04     5.01187E-01     1.43122E+02    -6.97051E+01
    1.00000E-04     6.30957E-01     1.37624E+02    -5.75804E+01
    1.00000E-04     7.94328E-01     1.33586E+02    -4.71203E+01
    1.00000E-04     1.00000E+00     1.30721E+02    -3.82494E+01
    1.00000E-04     1.25893E+00     1.28750E+02    -3.08477E+01
    1.00000E-04     1.58489E+00     1.27428E+02    -2.47574E+01
    1.00000E-04     1.99526E+00     1.26559E+02    -1.98006E+01
    1.00000E-04     2.51189E+00     1.25994E+02    -1.57986E+01
    1.00000E-04     3.16228E+00     1.25632E+02    -1.25855E+01
    1.00000E-04     3.98107E+00     1.25401E+02    -1.00154E+01
    1.00000E-04     5.01187E+00     1.25254E+02    -7.96490E+00
    1.00000E-04     6.30957E+00     1.25160E+02    -6.33146E+00
    1.00000E-04     7.94328E+00     1.25101E+02    -5.03163E+00
    1.00000E-04     1.00000E+01     1.25064E+02    -3.99796E+00
    1.00000E-04     1.25893E+01     1.25040E+02    -3.17629E+00
    1.00000E-04     1.58489E+01     1.25025E+02    -2.52332E+00
    1.00000E-04     1.99526E+01     1.25016E+02    -2.00449E+00
    1.00000E-04     2.51189E+01     1.25010E+02    -1.59230E+00
    1.00000E-04     3.16228E+01     1.25006E+02    -1.26485E+00
    1.00000E-04     3.98107E+01     1.25004E+02    -1.00472E+00
    1.00000E-04     5.01187E+01     1.25003E+02    -7.98089E-01
    1.00000E-04     6.30957E+01     1.25002E+02    -6.33949E-01
    1.00000E-04     7.94328E+01     1.25001E+02    -5.03566E-01
    1.00000E-04     1.00000E+02     1.25001E+02    -3.99998E-01
    1.00000E-04     1.25893E+02     1.25000E+02    -3.17730E-01
    1.00000E-04     1.58489E+02     1.25000E+02    -2.52382E-01
    1.00000E-04     1.99526E+02     1.25000E+02    -2.00475E-01
    1.00000E-04     2.51189E+02     1.25000E+02    -1.59243E-01
    1.00000E-04     3.16228E+02     1.25000E+02    -1.26491E-01
    1.00000E-04     3.98107E+02     1.25000E+02    -1.00475E-01
    1.00000E-04     5.01187E+02     1.25000E+02    -7.98105E-02
    1.00000E-04     6.30957E+02     1.25000E+02    -6.33957E-02
    1.00000E-04     7.94328E+02     1.25000E+02    -5.03570E-02
    1.00000E-04     1.00000E+03     1.25000E+02    -4.00000E-02
    1.00000E-04     1.25893E+03     1.25000E+02    -3.17731E-02
    1.00000E-04     1.58489E+03     1.25000E+02    -2.52383E-02
    1.00000E-04     1.99526E+03     1.25000E+02    -2.00475E-02
    1.00000E-04     2.51189E+03     1.25000E+02    -1.59243E-02
    1.00000E-04     3.16228E+03     1.25000E+02    -1.26491E-02
    1.00000E-04     3.98107E+03     1.25000E+02    -1.00475E-02
    1.00000E-04     5.01187E+03     1.25000E+02    -7.98105E-03
    1.00000E-04     6.30957E+03     1.25000E+02    -6.33957E-03
    1.00000E-04     7.94328E+03     1.25000E+02    -5.03570E-03
    1.00000E-04     1.00000E+04     1.25000E+02    -4.00000E-03
    1.00000E-04     1.25893E+04     1.25000E+02    -3.17731E-03
    1.00000E-04     1.58489E+04     1.25000E+02    -2.52383E-03
    1.00000E-04     1.99526E+04     1.25000E+02    -2.00475E-03
    1.00000E-04     2.51189E+04     1.25000E+02    -1.59243E-03
    1.00000E-04     3.16228E+04     1.25000E+02    -1.26491E-03
    1.00000E-04     3.98107E+04     1.25000E+02    -1.00475E-03
    1.00000E-04     5.01187E+04     1.25000E+02    -7.98105E-04
    1.00000E-04     6.30957E+04     1.25000E+02    -6.33957E-04
    1.00000E-04     7.94328E+04     1.25000E+02    -5.03570E-04
    1.00000E-04     1.00000E+05     1.25000E+02    -4.00000E-04
    1.00000E-05     1.00000E-05     4.95876E+04    -4.12231E+03
    1.00000E-05     1.25893E-05     4.93502E+04    -5.15942E+03
    1.00000E-05     1.58489E-05     4.89797E+04    -6.43588E+03
    1.00000E-05     1.99526E-05     4.84063E+04    -7.98648E+03
    1.00000E-05     2.51189E-05     4.75309E+04    -9.83178E+03
    1.00000E-05     3.16228E-05     4.62211E+04    -1.19582E+04
    1.00000E-05     3.98107E-05     4.43199E+04    -1.42885E+04
    1.00000E-05     5.01187E-05     4.16781E+04    -1.66485E+04
    1.00000E-05     6.30957E-05     3.82214E+04    -1.87532E+04
    1.00000E-05     7.94328E-05     3.40367E+04    -2.02492E+04
    1.00000E-05     1.00000E-04     2.94210E+04    -2.08328E+04
    1.00000E-05     1.25893E-04     2.48213E+04    -2.03956E+04
    1.00000E-05     1.58489E-04     2.06714E+04    -1.90852E+04
    1.00000E-05     1.99526E-04     1.72370E+04    -1.72280E+04
    1.00000E-05     2.51189E-04     1.45701E+04    -1.51804E+04
    1.00000E-05     3.16228E-04     1.25667E+04    -1.32154E+04
    1.00000E-05     3.98107E-04     1.10546E+04    -1.14858E+04
    1.00000E-05     5.01187E-04     9.86230E+03    -1.00384E+04
    1.00000E-05     6.30957E-04     8.85598E+03    -8.84851E+03
    1.00000E-05     7.94328E-04     7.95459E+03    -7.85615E+03
    1.00000E-05     1.00000E-03     7.12612E+03    -6.99938E+03
    1.00000E-05     1.25893E-03     6.36897E+03    -6.23621E+03
    1.00000E-05     1.58489E-03     5.68876E+03    -5.54808E+03
    1.00000E-05     1.99526E-03     5.08474E+03    -4.92911E+03
    1.00000E-05     2.51189E-03     4.54981E+03    -4.37496E+03
    1.00000E-05     3.16228E-03     4.07575E+03    -3.87934E+03
    1.00000E-05     3.98107E-03     3.65581E+03    -3.43547E+03
    1.00000E-05     5.01187E-03     3.28453E+03    -3.03737E+03
    1.00000E-05     6.30957E-03     2.95705E+03    -2.67986E+03
    1.00000E-05     7.94328E-03     2.66911E+03    -2.35832E+03
    1.00000E-05     1.00000E-02     2.41701E+03    -2.06868E+03
    1.00000E-05     1.25893E-02     2.19750E+03    -1.80735E+03
    1.00000E-05     1.58489E-02     2.00782E+03    -1.57125E+03
    1.00000E-05     1.99526E-02     1.84557E+03    -1.35781E+03
    1.00000E-05     2.51189E-02     1.70869E+03    -1.16495E+03
    1.00000E-05     3.16228E-02     1.59526E+03    -9.91145E+02
    1.00000E-05     3.98107E-02     1.50345E+03    -8.35376E+02
    1.00000E-05     5.01187E-02     1.43122E+03    -6.97051E+02
    1.00000E-05     6.30957E-02     1.37624E+03    -5.75804E+02
    1.00000E-05     7.94328E-02     1.33586E+03    -4.71203E+02
    1.00000E-05     1.00000E-01     1.30721E+03    -3.82494E+02
    1.00000E-05     1.25893E-01     1.28750E+03    -3.08477E+02
    1.00000E-05     1.58489E-01     1.27428E+03    -2.47574E+02
    1.00000E-05     1.99526E-01     1.26559E+03    -1.98006E+02
    1.00000E-05     2.51189E-01     1.25994E+03    -1.57986E+02
    1.00000E-05     3.16228E-01     1.25632E+03    -1.25855E+02
    1.00000E-05     3.98107E-01     1.25401E+03    -1.00154E+02
    1.00000E-05     5.01187E-01     1.25254E+03    -7.96490E+01
    1.00000E-05     6.30957E-01     1.25160E+03    -6.33146E+01
    1.00000E-05     7.94328E-01     1.25101E+03    -5.03163E+01
    1.00000E-05     1.00000E+00     1.25064E+03    -3.99796E+01
    1.00000E-05     1.25893E+00     1.25040E+03    -3.17629E+01
    1.00000E-05     1.58489E+00     1.25025E+03    -2.52332E+01
    1.00000E-05     1.99526E+00     1.25016E+03    -2.00449E+01
    1.00000E-05     2.51189E+00     1.25010E+03    -1.59230E+01
    1.00000E-05     3.16228E+00     1.25006E+03    -1.26485E+01
    1.00000E-05     3.98107E+00     1.25004E+03    -1.00472E+01
    1.00000E-05     5.01187E+00     1.25003E+03    -7.98089E+00
    1.00000E-05     6.30957E+00     1.25002E+03    -6.33949E+00
    1.00000E-05     7.94328E+00     1.25001E+03    -5.03566E+00
    1.00000E-05     1.00000E+01     1.25001E+03    -3.99998E+00
    1.00000E-05     1.25893E+01     1.25000E+03    -3.17730E+00
    1.00000E-05     1.58489E+01     1.25000E+03    -2.52382E+00
    1.00000E-05     1.99526E+01     1.25000E+03    -2.00475E+00
    1.00000E-05     2.51189E+01     1.25000E+03    -1.59243E+00
    1.00000E-05     3.16228E+01     1.25000E+03    -1.26491E+00
    1.00000E-05     3.98107E+01     1.25000E+03    -1.00475E+00
    1.00000E-05     5.01187E+01     1.25000E+03    -7.98105E-01
    1.00000E-05     6.30957E+01     1.25000E+03    -6.33957E-01
    1.00000E-05     7.94328E+01     1.25000E+03    -5.03570E-01
    1.00000E-05     1.00000E+02     1.25000E+03    -4.00000E-01
    1.00000E-05     1.25893E+02     1.25000E+03    -3.17731E-01
    1.00000E-05     1.58489E+02     1.25000E+03    -2.52383E-01
    1.00000E-05     1.99526E+02     1.25000E+03    -2.00475E-01
    1.00000E-05     2.51189E+02     1.25000E+03    -1.59243E-01
    1.00000E-05     3.16228E+02     1.25000E+03    -1.26491E-01
    1.00000E-05     3.98107E+02     1.25000E+03    -1.00475E-01
    1.00000E-05     5.01187E+02     1.25000E+03    -7.98105E-02
    1.00000E-05     6.30957E+02     1.25000E+03    -6.33957E-02
    1.00000E-05     7.94328E+02     1.25000E+03    -5.03570E-02
    1.00000E-05     1.00000E+03     1.25000E+03    -4.00000E-02
    1.00000E-05     1.25893E+03     1.25000E+03    -3.17731E-02
    1.00000E-05     1.58489E+03     1.25000E+03    -2.52383E-02
    1.00000E-05     1.99526E+03     1.25000E+03    -2.00475E-02
    1.00000E-05     2.51189E+03     1.25000E+03    -1.59243E-02
    1.00000E-05     3.16228E+03     1.25000E+03    -1.26491E-02
    1.00000E-05     3.98107E+03     1.25000E+03    -1.00475E-02
    1.00000E-05     5.01187E+03     1.25000E+03    -7.98105E-03
    1.00000E-05     6.30957E+03     1.25000E+03    -6.33957E-03
    1.00000E-05     7.94328E+03     1.25000E+03    -5.03570E-03
    1.00000E-05     1.00000E+04     1.25000E+03    -4.00000E-03
    1.00000E-05     1.25893E+04     1.25000E+03    -3.17731E-03
    1.00000E-05     1.58489E+04     1.25000E+03    -2.52383E-03
    1.00000E-05     1.99526E+04     1.25000E+03    -2.00475E-03
    1.00000E-05     2.51189E+04     1.25000E+03    -1.59243E-03
    1.00000E-05     3.16228E+04     1.25000E+03    -1.26491E-03
    1.00000E-05     3.98107E+04     1.25000E+03    -1.00475E-03
    1.00000E-05     5.01187E+04     1.25000E+03    -7.98105E-04
    1.00000E-05     6.30957E+04     1.25000E+03    -6.33957E-04
    1.00000E-05     7.94328E+04     1.25000E+03    -5.03570E-04
    1.00000E-05     1.00000E+05     1.25000E+03    -4.00000E-04
    1.00000E-06     1.00000E-05     2.94210E+05    -2.08328E+05
    1.00000E-06     1.25893E-05     2.48213E+05    -2.03956E+05
    1.00000E-06     1.58489E-05     2.06714E+05    -1.90852E+05
    1.00000E-06     1.99526E-05     1.72370E+05    -1.72280E+05
    1.00000E-06     2.51189E-05     1.45701E+05    -1.51804E+05
    1.00000E-06     3.16228E-05     1.25667E+05    -1.32154E+05
    1.00000E-06     3.98107E-05     1.10546E+05    -1.14858E+05
    1.00000E-06     5.01187E-05     9.86230E+04    -1.00384E+05
    1.00000E-06     6.30957E-05     8.85598E+04    -8.84851E+04
    1.00000E-06     7.94328E-05     7.95459E+04    -7.85615E+04
    1.00000E-06     1.00000E-04     7.12612E+04    -6.99938E+04
    1.00000E-06     1.25893E-04     6.36897E+04    -6.23621E+04
    1.00000E-06     1.58489E-04     5.68876E+04    -5.54808E+04
    1.00000E-06     1.99526E-04     5.08474E+04    -4.92911E+04
    1.00000E-06     2.51189E-04     4.54981E+04    -4.37496E+04
    1.00000E-06     3.16228E-04     4.07575E+04    -3.87934E+04
    1.00000E-06     3.98107E-04     3.65581E+04    -3.43547E+04
    1.00000E-06     5.01187E-04     3.28453E+04    -3.03737E+04
    1.00000E-06     6.30957E-04     2.95705E+04    -2.67986E+04
    1.00000E-06     7.94328E-04     2.66911E+04    -2.35832E+04
    1.00000E-06     1.00000E-03     2.41701E+04    -2.06868E+04
    1.00000E-06     1.25893E-03     2.19750E+04    -1.80735E+04
    1.00000E-06     1.58489E-03     2.00782E+04    -1.57125E+04
    1.00000E-06     1.99526E-03     1.84557E+04    -1.35781E+04
    1.00000E-06     2.51189E-03     1.70869E+04    -1.16495E+04
    1.00000E-06     3.16228E-03     1.59526E+04    -9.91145E+03
    1.00000E-06     3.98107E-03     1.50345E+04    -8.35376E+03
    1.00000E-06     5.01187E-03     1.43122E+04    -6.97051E+03
    1.00000E-06     6.30957E-03     1.37624E+04    -5.75804E+03
    1.00000E-06     7.94328E-03     1.33586E+04    -4.71203E+03
    1.00000E-06     1.00000E-02     1.30721E+04    -3.82494E+03
    1.00000E-06     1.25893E-02     1.28750E+04    -3.08477E+03
    1.00000E-06     1.58489E-02     1.27428E+04    -2.47574E+03
    1.00000E-06     1.99526E-02     1.26559E+04    -1.98006E+03
    1.00000E-06     2.51189E-02     1.25994E+04    -1.57986E+03
    1.00000E-06     3.16228E-02     1.25632E+04    -1.25855E+03
    1.00000E-06     3.98107E-02     1.25401E+04    -1.00154E+03
    1.00000E-06     5.01187E-02     1.25254E+04    -7.96490E+02
    1.00000E-06     6.30957E-02     1.25160E+04    -6.33146E+02
    1.00000E-06     7.94328E-02     1.25101E+04    -5.03163E+02
    1.00000E-06     1.00000E-01     1.25064E+04    -3.99796E+02
    1.00000E-06     1.25893E-01     1.25040E+04    -3.17629E+02
    1.00000E-06     1.58489E-01     1.25025E+04    -2.52332E+02
    1.00000E-06     1.99526E-01     1.25016E+04    -2.00449E+02
    1.00000E-06     2.51189E-01     1.25010E+04    -1.59230E+02
    1.00000E-06     3.16228E-01     1.25006E+04    -1.26485E+02
    1.00000E-06     3.98107E-01     1.25004E+04    -1.00472E+02
    1.00000E-06     5.01187E-01     1.25003E+04    -7.98089E+01
    1.00000E-06     6.30957E-01     1.25002E+04    -6.33949E+01
    1.00000E-06     7.94328E-01     1.25001E+04    -5.03566E+01
    1.00000E-06     1.00000E+00     1.25001E+04    -3.99998E+01
    1.00000E-06     1.25893E+00     1.25000E+04    -3.17730E+01
    1.00000E-06     1.58489E+00     1.25000E+04    -2.52382E+01
    1.00000E-06     1.99526E+00     1.25000E+04    -2.00475E+01
    1.00000E-06     2.51189E+00     1.25000E+04    -1.59243E+01
    1.00000E-06     3.16228E+00     1.25000E+04    -1.26491E+01
    1.00000E-06     3.98107E+00     1.25000E+04    -1.00475E+01
    1.00000E-06     5.01187E+00     1.25000E+04    -7.98105E+00
    1.00000E-06     6.30957E+00     1.25000E+04    -6.33957E+00
    1.00000E-06     7.94328E+00     1.25000E+04    -5.03570E+00
    1.00000E-06     1.00000E+01     1.25000E+04    -4.00000E+00
    1.00000E-06     1.25893E+01     1.25000E+04    -3.17731E+00
    1.00000E-06     1.58489E+01     1.25000E+04    -2.52383E+00
    1.00000E-06     1.99526E+01     1.25000E+04    -2.00475E+00
    1.00000E-06     2.51189E+01     1.25000E+04    -1.59243E+00
    1.00000E-06     3.16228E+01     1.25000E+04    -1.26491E+00
    1.00000E-06     3.98107E+01     1.25000E+04    -1.00475E+00
    1.00000E-06     5.01187E+01     1.25000E+04    -7.98105E-01
    1.00000E-06     6.30957E+01     1.25000E+04    -6.33957E-01
    1.00000E-06     7.94328E+01     1.25000E+04    -5.03570E-01
    1.00000E-06     1.00000E+02     1.25000E+04    -4.00000E-01
    1.00000E-06     1.25893E+02     1.25000E+04    -3.17731E-01
    1.00000E-06     1.58489E+02     1.25000E+04    -2.52383E-01
    1.00000E-06     1.99526E+02     1.25000E+04    -2.00475E-01
    1.00000E-06     2.51189E+02     1.25000E+04    -1.59243E-01
    1.00000E-06     3.16228E+02     1.25000E+04    -1.26491E-01
    1.00000E-06     3.98107E+02     1.25000E+04    -1.00475E-01
    1.00000E-06     5.01187E+02     1.25000E+04    -7.98105E-02
    1.00000E-06     6.30957E+02     1.25000E+04    -6.33957E-02
    1.00000E-06     7.94328E+02     1.25000E+04    -5.03570E-02
    1.00000E-06     1.00000E+03     1.25000E+04    -4.00000E-02
    1.00000E-06     1.25893E+03     1.25000E+04    -3.17731E-02
    1.00000E-06     1.58489E+03     1.25000E+04    -2.52383E-02
    1.00000E-06     1.99526E+03     1.25000E+04    -2.00475E-02
    1.00000E-06     2.51189E+03     1.25000E+04    -1.59243E-02
    1.00000E-06     3.16228E+03     1.25000E+04    -1.26491E-02
    1.00000E-06     3.98107E+03     1.25000E+04    -1.00475E-02
    1.00000E-06     5.01187E+03     1.25000E+04    -7.98105E-03
    1.00000E-06     6.30957E+03     1.25000E+04    -6.33957E-03
    1.00000E-06     7.94328E+03     1.25000E+04    -5.03570E-03
    1.00000E-06     1.00000E+04     1.25000E+04    -4.00000E-03
    1.00000E-06     1.25893E+04     1.25000E+04    -3.17731E-03
    1.00000E-06     1.58489E+04     1.25000E+04    -2.52383E-03
    1.00000E-06     1.99526E+04     1.25000E+04    -2.00475E-03
    1.00000E-06     2.51189E+04     1.25000E+04    -1.59243E-03
    1.00000E-06     3.16228E+04     1.25000E+04    -1.26491E-03
    1.00000E-06     3.98107E+04     1.25000E+04    -1.00475E-03
    1.00000E-06     5.01187E+04     1.25000E+04    -7.98105E-04
    1.00000E-06     6.30957E+04     1.25000E+04    -6.33957E-04
    1.00000E-06     7.94328E+04     1.25000E+04    -5.03570E-04
    1.00000E-06     1.00000E+05     1.25000E+04    -4.00000E-04
